time	V(n001)-V(n005)	V(n003)	V(n004)
0.000000000000000e+000	-1.707809e+000	7.869921e-001	5.478054e-001
9.765625000003261e-007	-1.611783e+000	9.013763e-001	4.616221e-001
2.929687500000111e-006	-1.288063e+000	1.130428e+000	2.985356e-001
6.835937499999681e-006	-3.533771e-001	1.591013e+000	1.525046e-001
1.464843749999969e-005	1.372340e+000	2.516674e+000	3.289126e-001
1.586914062499945e-005	1.512890e+000	2.660802e+000	3.728452e-001
1.831054687499983e-005	1.605016e+000	2.945350e+000	4.553434e-001
2.319335937499972e-005	1.826480e+000	3.499050e+000	6.594745e-001
3.295898437499951e-005	2.357181e+000	4.556690e+000	1.161176e+000
4.272460937499931e-005	2.963700e+000	5.543477e+000	1.745321e+000
5.249023437499910e-005	3.618983e+000	6.439915e+000	2.383774e+000
6.225585937499889e-005	4.285071e+000	7.235132e+000	3.036933e+000
7.202148437499868e-005	4.932343e+000	7.918972e+000	3.674188e+000
8.178710937499847e-005	5.537595e+000	8.482394e+000	4.271549e+000
9.155273437499827e-005	6.082303e+000	8.917783e+000	4.810042e+000
1.013183593749981e-004	6.551736e+000	9.219177e+000	5.274655e+000
1.110839843749979e-004	6.934320e+000	9.382449e+000	5.653615e+000
1.208496093749976e-004	7.221175e+000	9.405416e+000	5.937910e+000
1.306152343749974e-004	7.405813e+000	9.287916e+000	6.120965e+000
1.403808593749972e-004	7.483942e+000	9.031844e+000	6.198438e+000
1.501464843749970e-004	7.453315e+000	8.641130e+000	6.168068e+000
1.599121093749968e-004	7.313625e+000	8.121702e+000	6.029563e+000
1.696777343749966e-004	7.066404e+000	7.481401e+000	5.784510e+000
1.794433593749964e-004	6.714931e+000	6.729869e+000	5.436281e+000
1.892089843749962e-004	6.264114e+000	5.878411e+000	4.989951e+000
1.989746093749960e-004	5.720373e+000	4.939824e+000	4.452197e+000
2.087402343749958e-004	5.091455e+000	3.928201e+000	3.831203e+000
2.185058593749956e-004	4.386197e+000	2.858722e+000	3.136584e+000
2.282714843749954e-004	3.614033e+000	1.747413e+000	2.379358e+000
2.380371093749951e-004	2.782890e+000	6.108565e-001	1.572307e+000
2.478027343749949e-004	1.713526e+000	-5.368381e-001	7.627700e-001
2.575683593749947e-004	1.944230e-001	-1.687415e+000	2.977965e-001
2.673339843749945e-004	-1.524558e+000	-2.837087e+000	4.491036e-001
2.685546874999943e-004	-1.653209e+000	-2.979605e+000	4.982760e-001
2.709960937499947e-004	-1.754319e+000	-3.260021e+000	5.910568e-001
2.758789062499946e-004	-1.990479e+000	-3.804672e+000	8.120860e-001
2.856445312499943e-004	-2.541845e+000	-4.841917e+000	1.337854e+000
2.954101562499941e-004	-3.159750e+000	-5.805411e+000	1.935538e+000
3.051757812499939e-004	-3.817099e+000	-6.675347e+000	2.577587e+000
3.149414062499937e-004	-4.477810e+000	-7.441063e+000	3.226485e+000
3.247070312499935e-004	-5.113806e+000	-8.092714e+000	3.853167e+000
3.344726562499933e-004	-5.702857e+000	-8.621653e+000	4.434847e+000
3.442382812499931e-004	-6.227344e+000	-9.020712e+000	4.953546e+000
3.540039062499929e-004	-6.673339e+000	-9.284433e+000	5.395079e+000
3.637695312499927e-004	-7.033433e+000	-9.414070e+000	5.751828e+000
3.721898677452873e-004	-7.264052e+000	-9.410351e+000	5.980414e+000
3.814551589692078e-004	-7.424618e+000	-9.279387e+000	6.139614e+000
3.912207839692075e-004	-7.491893e+000	-9.009708e+000	6.206325e+000
4.009864089692073e-004	-7.451709e+000	-8.607610e+000	6.166477e+000
4.107520339692071e-004	-7.302557e+000	-8.077395e+000	6.018592e+000
4.205176589692069e-004	-7.046114e+000	-7.427066e+000	5.764401e+000
4.302832839692067e-004	-6.685793e+000	-6.666416e+000	5.407423e+000
4.400489089692065e-004	-6.226637e+000	-5.806884e+000	4.952866e+000
4.498145339692063e-004	-5.675180e+000	-4.861386e+000	4.407536e+000
4.595801589692061e-004	-5.039277e+000	-3.844120e+000	3.779742e+000
4.693457839692059e-004	-4.327839e+000	-2.770347e+000	3.079216e+000
4.791114089692057e-004	-3.550197e+000	-1.656151e+000	2.317118e+000
4.888770339692055e-004	-2.714068e+000	-5.181478e-001	1.506440e+000
4.986426589692053e-004	-1.540802e+000	6.310059e-001	7.119935e-001
5.084082839692051e-004	4.871257e-002	1.783985e+000	2.693279e-001
5.181739089692048e-004	1.343285e+000	2.924344e+000	4.156718e-001
5.279395339692046e-004	2.053167e+000	4.021766e+000	8.735672e-001
5.377051589692044e-004	2.626331e+000	5.049881e+000	1.419375e+000
5.474707839692042e-004	3.268253e+000	5.993625e+000	2.041276e+000
5.572364089692040e-004	3.936864e+000	6.841847e+000	2.694970e+000
5.670020339692038e-004	4.599564e+000	7.583905e+000	3.346304e+000
5.767676589692036e-004	5.230731e+000	8.210102e+000	3.968543e+000
5.865332839692034e-004	5.809794e+000	8.712036e+000	4.540551e+000
5.962989089692032e-004	6.320333e+000	9.082854e+000	5.045571e+000
6.060645339692030e-004	6.749349e+000	9.317457e+000	5.470365e+000
6.158301589692028e-004	7.091652e+000	9.419462e+000	5.809525e+000
6.237044975802124e-004	7.294955e+000	9.397951e+000	6.011051e+000
6.320184498023219e-004	7.428642e+000	9.266094e+000	6.143604e+000
6.417840748023217e-004	7.487357e+000	8.985176e+000	6.201827e+000
6.515496998023215e-004	7.441067e+000	8.575541e+000	6.155923e+000
6.613153248023213e-004	7.285807e+000	8.038202e+000	6.001985e+000
6.710809498023211e-004	7.023374e+000	7.381270e+000	5.741866e+000
6.808465748023209e-004	6.657288e+000	6.614635e+000	5.379192e+000
6.906121998023207e-004	6.192690e+000	5.749824e+000	4.919275e+000
7.003778248023205e-004	5.636199e+000	4.799834e+000	4.369016e+000
7.101434498023203e-004	4.995742e+000	3.778929e+000	3.736811e+000
7.199090748023201e-004	4.280279e+000	2.702425e+000	3.032474e+000
7.296746998023199e-004	3.499128e+000	1.586445e+000	2.267257e+000
7.394403248023197e-004	2.659674e+000	4.476234e-001	1.454309e+000
7.492059498023194e-004	1.405881e+000	-7.025203e-001	6.720737e-001
7.589715748023192e-004	-2.379655e-001	-1.857383e+000	2.470529e-001
7.687371998023190e-004	-1.414176e+000	-2.997569e+000	3.965160e-001
7.785028248023188e-004	-2.043559e+000	-4.090885e+000	8.650797e-001
7.882684498023186e-004	-2.637643e+000	-5.113194e+000	1.430445e+000
7.980340748023184e-004	-3.291542e+000	-6.050902e+000	2.064230e+000
8.077996998023182e-004	-3.966904e+000	-6.892721e+000	2.724580e+000
8.175653248023180e-004	-4.632597e+000	-7.627961e+000	3.378834e+000
8.273309498023178e-004	-5.263941e+000	-8.246935e+000	4.001312e+000
8.370965748023176e-004	-5.841222e+000	-8.741281e+000	4.571621e+000
8.468621998023174e-004	-6.348560e+000	-9.104218e+000	5.073511e+000
8.566278248023172e-004	-6.773325e+000	-9.330738e+000	5.494114e+000
8.663934498023170e-004	-7.109700e+000	-9.423281e+000	5.827414e+000
8.746216922290474e-004	-7.317216e+000	-9.393497e+000	6.033121e+000
8.823593891165204e-004	-7.437180e+000	-9.264611e+000	6.152071e+000
8.921250141165201e-004	-7.490692e+000	-8.976830e+000	6.205134e+000
9.018906391165199e-004	-7.440685e+000	-8.562572e+000	6.155545e+000
9.116562641165197e-004	-7.281699e+000	-8.020868e+000	5.997912e+000
9.214218891165195e-004	-7.015604e+000	-7.359888e+000	5.734167e+000
9.311875141165193e-004	-6.645993e+000	-6.589582e+000	5.368005e+000
9.409531391165191e-004	-6.178062e+000	-5.721534e+000	4.904801e+000
9.507187641165189e-004	-5.618487e+000	-4.768785e+000	4.351515e+000
9.604843891165187e-004	-4.975238e+000	-3.745640e+000	3.716595e+000
9.702500141165185e-004	-4.257310e+000	-2.667448e+000	3.009906e+000
9.800156391165183e-004	-3.474016e+000	-1.550355e+000	2.242752e+000
9.897812641165181e-004	-2.632558e+000	-4.110060e-001	1.428372e+000
9.995468891165179e-004	-1.338519e+000	7.396420e-001	6.521936e-001
1.009312514116518e-003	3.324031e-001	1.895345e+000	2.362547e-001
1.019078139116517e-003	1.449883e+000	3.035242e+000	3.874788e-001
1.028843764116517e-003	2.039310e+000	4.126215e+000	8.613225e-001
1.038609389116517e-003	2.643705e+000	5.145242e+000	1.436288e+000
1.048375014116517e-003	3.303379e+000	6.079465e+000	2.075774e+000
1.058140639116517e-003	3.981767e+000	6.917532e+000	2.739159e+000
1.067906264116516e-003	4.648551e+000	7.648743e+000	3.394542e+000
1.077671889116516e-003	5.279588e+000	8.263423e+000	4.016757e+000
1.087437514116516e-003	5.855536e+000	8.753245e+000	4.585773e+000
1.097203139116516e-003	6.360775e+000	9.111477e+000	5.085600e+000
1.106968764116516e-003	6.782866e+000	9.333166e+000	5.503566e+000
1.116734389116515e-003	7.115597e+000	9.420040e+000	5.833258e+000
1.125176819970378e-003	7.324909e+000	9.384309e+000	6.040749e+000
1.132787919142948e-003	7.439300e+000	9.252681e+000	6.154173e+000
1.142553544142948e-003	7.487813e+000	8.958505e+000	6.202280e+000
1.152319169142948e-003	7.433098e+000	8.538531e+000	6.148021e+000
1.162084794142947e-003	7.269427e+000	7.991433e+000	5.985746e+000
1.171850419142947e-003	6.998757e+000	7.325461e+000	5.717472e+000
1.181616044142947e-003	6.624755e+000	6.550638e+000	5.346972e+000
1.191381669142947e-003	6.152691e+000	5.678617e+000	4.879699e+000
1.201147294142947e-003	5.589301e+000	4.722497e+000	4.322679e+000
1.210912919142946e-003	4.942609e+000	3.696634e+000	3.684427e+000
1.220678544142946e-003	4.221645e+000	2.616418e+000	2.974869e+000
1.230444169142946e-003	3.435705e+000	1.498023e+000	2.205379e+000
1.240209794142946e-003	2.591680e+000	3.581061e-001	1.389328e+000
1.249975419142946e-003	1.257723e+000	-7.929285e-001	6.258283e-001
1.259741044142945e-003	-4.398644e-001	-1.949185e+000	2.323913e-001
1.269506669142945e-003	-1.499450e+000	-3.088364e+000	3.920249e-001
1.279272294142945e-003	-2.049006e+000	-4.176437e+000	8.708899e-001
1.289037919142945e-003	-2.663076e+000	-5.191485e+000	1.455103e+000
1.298803544142945e-003	-3.328113e+000	-6.121394e+000	2.099893e+000
1.308569169142944e-003	-4.008946e+000	-6.954764e+000	2.765825e+000
1.318334794142944e-003	-4.676190e+000	-7.680897e+000	3.421760e+000
1.328100419142944e-003	-5.306219e+000	-8.290148e+000	4.043045e+000
1.337866044142944e-003	-5.880051e+000	-8.774240e+000	4.610013e+000
1.347631669142944e-003	-6.382336e+000	-9.126506e+000	5.106943e+000
1.357397294142943e-003	-6.800839e+000	-9.342068e+000	5.521370e+000
1.367162919142943e-003	-7.128807e+000	-9.421766e+000	5.846352e+000
1.375874540554432e-003	-7.338532e+000	-9.376237e+000	6.054255e+000
1.383924019529871e-003	-7.451895e+000	-9.227062e+000	6.166661e+000
1.393689644529871e-003	-7.489010e+000	-8.918640e+000	6.203466e+000
1.403455269529870e-003	-7.421612e+000	-8.483487e+000	6.136632e+000
1.413220894529870e-003	-7.245378e+000	-7.922076e+000	5.961905e+000
1.422986519529870e-003	-6.962472e+000	-7.242868e+000	5.681516e+000
1.432752144529870e-003	-6.576760e+000	-6.456087e+000	5.299445e+000
1.442517769529869e-003	-6.093691e+000	-5.573560e+000	4.821331e+000
1.452283394529869e-003	-5.520165e+000	-4.608545e+000	4.254382e+000
1.462049019529869e-003	-4.864341e+000	-3.575530e+000	3.607281e+000
1.471814644529869e-003	-4.135340e+000	-2.490008e+000	2.890118e+000
1.481580269529869e-003	-3.342405e+000	-1.368228e+000	2.114446e+000
1.491345894529868e-003	-2.491476e+000	-2.268739e-001	1.294007e+000
1.501111519529868e-003	-1.132621e+000	9.239327e-001	5.740475e-001
1.510877144529868e-003	1.038219e+000	2.082282e+000	1.331194e-001
1.512097847654868e-003	1.218184e+000	2.227694e+000	1.328318e-001
1.514539253904868e-003	1.316184e+000	2.516727e+000	2.091887e-001
1.519422066404868e-003	1.539858e+000	3.080868e+000	4.021719e-001
1.529187691404868e-003	2.066848e+000	4.163398e+000	8.871855e-001
1.538953316404868e-003	2.671358e+000	5.179824e+000	1.462983e+000
1.548718941404867e-003	3.330764e+000	6.110974e+000	2.102468e+000
1.558484566404867e-003	4.008184e+000	6.945536e+000	2.765078e+000
1.568250191404867e-003	4.673407e+000	7.672852e+000	3.419022e+000
1.578015816404867e-003	5.302353e+000	8.283300e+000	4.039230e+000
1.587781441404867e-003	5.875747e+000	8.768614e+000	4.605756e+000
1.597547066404866e-003	6.378043e+000	9.122122e+000	5.102693e+000
1.607312691404866e-003	6.796873e+000	9.338942e+000	5.517441e+000
1.617078316404866e-003	7.125526e+000	9.420094e+000	5.843100e+000
1.625736795283148e-003	7.335048e+000	9.376566e+000	6.050801e+000
1.633699730798547e-003	7.448585e+000	9.230960e+000	6.163380e+000
1.643465355798547e-003	7.487874e+000	8.925366e+000	6.202339e+000
1.653230980798547e-003	7.422929e+000	8.493221e+000	6.137938e+000
1.662996605798547e-003	7.249142e+000	7.934642e+000	5.965637e+000
1.672762230798547e-003	6.968631e+000	7.258051e+000	5.687618e+000
1.682527855798546e-003	6.585216e+000	6.473632e+000	5.307818e+000
1.692293480798546e-003	6.104310e+000	5.593178e+000	4.831836e+000
1.702059105798546e-003	5.532778e+000	4.629917e+000	4.266841e+000
1.711824730798546e-003	4.878752e+000	3.598309e+000	3.621483e+000
1.721590355798545e-003	4.151332e+000	2.513829e+000	2.905818e+000
1.731355980798545e-003	3.359772e+000	1.392711e+000	2.131363e+000
1.741121605798545e-003	2.510214e+000	2.516339e-001	1.311786e+000
1.750887230798545e-003	1.154175e+000	-8.992550e-001	5.833862e-001
1.760652855798545e-003	-1.012871e+000	-2.057938e+000	1.180012e-001
1.761873558923544e-003	-1.193498e+000	-2.203419e+000	1.158236e-001
1.764314965173545e-003	-1.294120e+000	-2.492645e+000	1.923797e-001
1.769197777673545e-003	-1.520192e+000	-3.057294e+000	3.854512e-001
1.778963402673544e-003	-2.048841e+000	-4.141136e+000	8.703416e-001
1.788729027673544e-003	-2.653898e+000	-5.159193e+000	1.446145e+000
1.798494652673544e-003	-3.313854e+000	-6.092299e+000	2.085984e+000
1.808260277673544e-003	-3.992135e+000	-6.929109e+000	2.749332e+000
1.818025902673544e-003	-4.658527e+000	-7.658934e+000	3.404366e+000
1.827791527673543e-003	-5.288934e+000	-8.272116e+000	4.025983e+000
1.837557152673543e-003	-5.864055e+000	-8.760347e+000	4.594195e+000
1.847322777673543e-003	-6.368306e+000	-9.116915e+000	5.093056e+000
1.857088402673543e-003	-6.789284e+000	-9.336890e+000	5.509923e+000
1.866854027673543e-003	-7.120606e+000	-9.421756e+000	5.838223e+000
1.875371615202161e-003	-7.330023e+000	-9.383335e+000	6.045818e+000
1.883105107071324e-003	-7.444176e+000	-9.246908e+000	6.159009e+000
1.892870732071324e-003	-7.489474e+000	-8.948739e+000	6.203927e+000
1.902636357071324e-003	-7.431191e+000	-8.524508e+000	6.146131e+000
1.912401982071324e-003	-7.263988e+000	-7.973392e+000	5.980355e+000
1.922167607071324e-003	-6.989880e+000	-7.303700e+000	5.708674e+000
1.931933232071323e-003	-6.612586e+000	-6.525512e+000	5.334921e+000
1.941698857071323e-003	-6.137426e+000	-5.650528e+000	4.864597e+000
1.951464482071323e-003	-5.571183e+000	-4.691894e+000	4.304780e+000
1.961230107071323e-003	-4.921919e+000	-3.664003e+000	3.664031e+000
1.970995732071323e-003	-4.198688e+000	-2.582273e+000	2.952321e+000
1.980761357071322e-003	-3.410778e+000	-1.462899e+000	2.181074e+000
1.990526982071322e-003	-2.564853e+000	-3.225480e-001	1.363754e+000
2.000292607071322e-003	-1.220228e+000	8.285089e-001	6.112475e-001
2.010058232071322e-003	4.843138e-001	1.984459e+000	2.398550e-001
2.019823857071322e-003	1.529839e+000	3.122654e+000	4.097317e-001
2.029589482071321e-003	2.068942e+000	4.208848e+000	8.895218e-001
2.039355107071321e-003	2.684352e+000	5.221404e+000	1.475592e+000
2.049120732071321e-003	3.349861e+000	6.148417e+000	2.121098e+000
2.058886357071321e-003	4.030318e+000	6.978515e+000	2.786797e+000
2.068651982071320e-003	4.696461e+000	7.701033e+000	3.441727e+000
2.078417607071320e-003	5.324786e+000	8.306371e+000	4.061376e+000
2.088183232071320e-003	5.896416e+000	8.786302e+000	4.626194e+000
2.097948857071320e-003	6.396092e+000	9.134214e+000	5.120560e+000
2.107714482071320e-003	6.811661e+000	9.345295e+000	5.532090e+000
2.117480107071319e-003	7.133657e+000	9.416651e+000	5.851160e+000
2.127245732071319e-003	7.357351e+000	9.350443e+000	6.072914e+000
2.136156579860945e-003	7.467340e+000	9.165497e+000	6.181976e+000
2.145922204860945e-003	7.481926e+000	8.829320e+000	6.196441e+000
2.155687829860945e-003	7.389572e+000	8.364665e+000	6.104863e+000
2.165453454860944e-003	7.188718e+000	7.775524e+000	5.905740e+000
2.175219079860944e-003	6.881927e+000	7.070774e+000	5.601710e+000
2.184984704860944e-003	6.473438e+000	6.261019e+000	5.197143e+000
2.194750329860944e-003	5.969046e+000	5.358430e+000	4.698045e+000
2.204515954860944e-003	5.375958e+000	4.376565e+000	4.111970e+000
2.214281579860943e-003	4.702587e+000	3.330160e+000	3.447927e+000
2.224047204860943e-003	3.958201e+000	2.234907e+000	2.716323e+000
2.233812829860943e-003	3.151825e+000	1.107186e+000	1.929092e+000
2.243578454860943e-003	2.285618e+000	-3.630523e-002	1.101074e+000
2.253344079860943e-003	9.071755e-001	-1.185587e+000	4.746574e-001
2.263109704860942e-003	-1.277929e+000	-2.339640e+000	3.012017e-001
2.264330407985942e-003	-1.454319e+000	-2.484226e+000	3.219706e-001
2.266771814235942e-003	-1.539699e+000	-2.771082e+000	3.972757e-001
2.271654626735942e-003	-1.750343e+000	-3.329822e+000	5.894910e-001
2.281420251735942e-003	-2.265472e+000	-4.398803e+000	1.073845e+000
2.291185876735942e-003	-2.862773e+000	-5.398550e+000	1.647531e+000
2.300951501735942e-003	-3.514832e+000	-6.309768e+000	2.281948e+000
2.310717126735942e-003	-4.182459e+000	-7.121491e+000	2.936095e+000
2.320482751735941e-003	-4.835079e+000	-7.823405e+000	3.578311e+000
2.330248376735941e-003	-5.448763e+000	-8.406259e+000	4.183805e+000
2.340014001735941e-003	-6.004385e+000	-8.862188e+000	4.732970e+000
2.349779626735941e-003	-6.486718e+000	-9.184957e+000	5.210279e+000
2.359545251735941e-003	-6.883761e+000	-9.370132e+000	5.603521e+000
2.369310876735940e-003	-7.186257e+000	-9.415219e+000	5.903298e+000
2.379076501735940e-003	-7.387376e+000	-9.319734e+000	6.102684e+000
2.388842126735940e-003	-7.482500e+000	-9.085243e+000	6.197009e+000
2.398607751735940e-003	-7.469075e+000	-8.715359e+000	6.183696e+000
2.408373376735939e-003	-7.346500e+000	-8.215697e+000	6.062158e+000
2.418139001735939e-003	-7.116029e+000	-7.593806e+000	5.833692e+000
2.427904626735939e-003	-6.780671e+000	-6.859052e+000	5.501400e+000
2.437670251735939e-003	-6.345092e+000	-6.022488e+000	5.070094e+000
2.447435876735939e-003	-5.815481e+000	-5.096686e+000	4.546206e+000
2.457201501735938e-003	-5.199393e+000	-4.095552e+000	3.937692e+000
2.466967126735938e-003	-4.505517e+000	-3.034108e+000	3.253942e+000
2.476732751735938e-003	-3.743249e+000	-1.928263e+000	2.505750e+000
2.486498376735938e-003	-2.921069e+000	-7.945367e-001	1.705553e+000
2.496264001735938e-003	-2.020790e+000	3.506190e-001	8.723423e-001
2.506029626735937e-003	-6.169217e-001	1.497433e+000	3.577805e-001
2.515795251735937e-003	1.523740e+000	2.645442e+000	4.899984e-001
2.517015954860937e-003	1.694075e+000	2.788820e+000	5.353593e-001
2.519457361110937e-003	1.777195e+000	3.072543e+000	6.119245e-001
2.524340173610937e-003	1.984476e+000	3.623945e+000	8.061630e-001
2.534105798610937e-003	2.494498e+000	4.675273e+000	1.292325e+000
2.543871423610937e-003	3.086251e+000	5.653825e+000	1.864172e+000
2.553637048610937e-003	3.729920e+000	6.540108e+000	2.492254e+000
2.563402673610936e-003	4.385499e+000	7.323526e+000	3.135685e+000
2.573168298610936e-003	5.022554e+000	7.994173e+000	3.763154e+000
2.582933923610936e-003	5.617298e+000	8.543251e+000	4.350296e+000
2.592699548610936e-003	6.150975e+000	8.963387e+000	4.877980e+000
2.602465173610936e-003	6.608799e+000	9.248868e+000	5.331161e+000
2.612230798610935e-003	6.979226e+000	9.395813e+000	5.698112e+000
2.621996423610935e-003	7.254484e+000	9.403651e+000	5.970930e+000
2.631383178257416e-003	7.421504e+000	9.277539e+000	6.136524e+000
2.641148803257416e-003	7.489672e+000	9.009353e+000	6.204122e+000
2.650914428257416e-003	7.450146e+000	8.608267e+000	6.164926e+000
2.660680053257415e-003	7.301701e+000	8.079007e+000	6.017742e+000
2.670445678257415e-003	7.045984e+000	7.429564e+000	5.764272e+000
2.680211303257415e-003	6.686383e+000	6.669718e+000	5.408007e+000
2.689976928257415e-003	6.227921e+000	5.810899e+000	4.954135e+000
2.699742553257415e-003	5.677115e+000	4.866012e+000	4.409448e+000
2.709508178257414e-003	5.041809e+000	3.849247e+000	3.782238e+000
2.719273803257414e-003	4.330903e+000	2.775859e+000	3.082226e+000
2.729039428257414e-003	3.553722e+000	1.661926e+000	2.320560e+000
2.738805053257414e-003	2.718005e+000	5.240619e-001	1.510215e+000
2.748570678257413e-003	1.551037e+000	-6.249911e-001	7.149580e-001
2.758336303257413e-003	-3.421414e-002	-1.777852e+000	2.710046e-001
2.768101928257413e-003	-1.337820e+000	-2.918300e+000	4.171082e-001
2.777867553257413e-003	-2.053882e+000	-4.016161e+000	8.741772e-001
2.787633178257413e-003	-2.625456e+000	-5.044892e+000	1.418518e+000
2.797398803257412e-003	-3.266512e+000	-5.989313e+000	2.039584e+000
2.807164428257412e-003	-3.934732e+000	-6.838280e+000	2.692883e+000
2.816930053257412e-003	-4.597363e+000	-7.581150e+000	3.344138e+000
2.826695678257412e-003	-5.228696e+000	-8.208220e+000	3.966534e+000
2.836461303257412e-003	-5.808101e+000	-8.711082e+000	4.538877e+000
2.846226928257411e-003	-6.319118e+000	-9.082869e+000	5.044370e+000
2.855992553257411e-003	-6.748718e+000	-9.318470e+000	5.469739e+000
2.865758178257411e-003	-7.091797e+000	-9.421653e+000	5.809669e+000
2.873587291173914e-003	-7.294535e+000	-9.401131e+000	6.010634e+000
2.881974875684932e-003	-7.430021e+000	-9.268936e+000	6.144971e+000
2.891740500684932e-003	-7.489392e+000	-8.988869e+000	6.203845e+000
2.901506125684932e-003	-7.443564e+000	-8.579797e+000	6.158400e+000
2.911271750684932e-003	-7.288765e+000	-8.042991e+000	6.004918e+000
2.921037375684932e-003	-7.026782e+000	-7.386551e+000	5.745243e+000
2.930803000684931e-003	-6.661128e+000	-6.620359e+000	5.382995e+000
2.940568625684931e-003	-6.196936e+000	-5.755939e+000	4.923476e+000
2.950334250684931e-003	-5.640820e+000	-4.806278e+000	4.373581e+000
2.960099875684931e-003	-5.000700e+000	-3.785636e+000	3.741700e+000
2.969865500684931e-003	-4.285536e+000	-2.709326e+000	3.037640e+000
2.979631125684930e-003	-3.504646e+000	-1.593466e+000	2.272644e+000
2.989396750684930e-003	-2.665456e+000	-4.546898e-001	1.459846e+000
2.999162375684930e-003	-1.419959e+000	6.953638e-001	6.762731e-001
3.008928000684930e-003	2.183018e-001	1.850018e+000	2.493797e-001
3.018693625684930e-003	1.406768e+000	2.990181e+000	3.985263e-001
3.028459250684929e-003	2.044459e+000	4.083856e+000	8.660140e-001
3.038224875684929e-003	2.636437e+000	5.106678e+000	1.429354e+000
3.047990500684929e-003	3.289116e+000	6.044902e+000	2.061864e+000
3.057756125684929e-003	3.963717e+000	6.887255e+000	2.721453e+000
3.067521750684928e-003	4.629025e+000	7.623055e+000	3.375317e+000
3.077287375684928e-003	5.260249e+000	8.242614e+000	3.997668e+000
3.087053000684928e-003	5.837598e+000	8.737570e+000	4.568038e+000
3.096818625684928e-003	6.345142e+000	9.101137e+000	5.070128e+000
3.106584250684928e-003	6.770212e+000	9.328300e+000	5.491030e+000
3.116349875684927e-003	7.107034e+000	9.421591e+000	5.824771e+000
3.124550742482549e-003	7.314235e+000	9.392483e+000	6.030165e+000
3.132333017806371e-003	7.435237e+000	9.263346e+000	6.150144e+000
3.142098642806371e-003	7.489155e+000	8.976110e+000	6.203610e+000
3.151864267806371e-003	7.439442e+000	8.562223e+000	6.154312e+000
3.161629892806371e-003	7.280752e+000	8.020870e+000	5.996973e+000
3.171395517806370e-003	7.014950e+000	7.360216e+000	5.733518e+000
3.181161142806370e-003	6.645620e+000	6.590207e+000	5.367636e+000
3.190926767806370e-003	6.177957e+000	5.722422e+000	4.904698e+000
3.200692392806370e-003	5.618631e+000	4.769899e+000	4.351657e+000
3.210458017806370e-003	4.975608e+000	3.746939e+000	3.716960e+000
3.220223642806369e-003	4.257879e+000	2.668890e+000	3.010465e+000
3.229989267806369e-003	3.474757e+000	1.551894e+000	2.243474e+000
3.239754892806369e-003	2.633449e+000	4.125971e-001	1.429223e+000
3.249520517806369e-003	1.340894e+000	-7.380251e-001	6.528708e-001
3.259286142806368e-003	-3.290295e-001	-1.893716e+000	2.366038e-001
3.269051767806368e-003	-1.448460e+000	-3.033664e+000	3.877663e-001
3.278817392806368e-003	-2.039225e+000	-4.124781e+000	8.614733e-001
3.288583017806368e-003	-2.643434e+000	-5.144010e+000	1.436152e+000
3.298348642806368e-003	-3.303056e+000	-6.078467e+000	2.075462e+000
3.308114267806367e-003	-3.981368e+000	-6.916800e+000	2.738768e+000
3.317879892806367e-003	-4.648169e+000	-7.648302e+000	3.394165e+000
3.327645517806367e-003	-5.279295e+000	-8.263296e+000	4.016467e+000
3.337411142806367e-003	-5.855386e+000	-8.753453e+000	4.585625e+000
3.347176767806367e-003	-6.360812e+000	-9.112035e+000	5.085638e+000
3.356942392806366e-003	-6.783125e+000	-9.334084e+000	5.503822e+000
3.366708017806366e-003	-7.116144e+000	-9.421385e+000	5.833800e+000
3.375133881969539e-003	-7.325411e+000	-9.386227e+000	6.041246e+000
3.382718002452246e-003	-7.439831e+000	-9.255632e+000	6.154699e+000
3.392483627452246e-003	-7.489035e+000	-8.962319e+000	6.203491e+000
3.402249252452245e-003	-7.435090e+000	-8.543269e+000	6.149996e+000
3.412014877452245e-003	-7.272182e+000	-7.997042e+000	5.988477e+000
3.421780502452245e-003	-7.002255e+000	-7.331874e+000	5.720938e+000
3.431546127452245e-003	-6.628964e+000	-6.557779e+000	5.351141e+000
3.441311752452245e-003	-6.157568e+000	-5.686396e+000	4.884525e+000
3.451077377452244e-003	-5.594795e+000	-4.730817e+000	4.328106e+000
3.460843002452244e-003	-4.948659e+000	-3.705388e+000	3.690390e+000
3.470608627452244e-003	-4.228183e+000	-2.625493e+000	2.981291e+000
3.480374252452244e-003	-3.442670e+000	-1.507300e+000	2.212172e+000
3.490139877452243e-003	-2.599069e+000	-3.674670e-001	1.396381e+000
3.499905502452243e-003	-1.269394e+000	7.835459e-001	6.300849e-001
3.509671127452243e-003	4.253311e-001	1.939807e+000	2.313026e-001
3.519436752452243e-003	1.490949e+000	3.079165e+000	3.885997e-001
3.529202377452243e-003	2.044849e+000	4.167689e+000	8.670013e-001
3.538968002452242e-003	2.658100e+000	5.183344e+000	1.450296e+000
3.548733627452242e-003	3.322676e+000	6.113934e+000	2.094592e+000
3.558499252452242e-003	4.003370e+000	6.948059e+000	2.760354e+000
3.568264877452242e-003	4.670712e+000	7.675014e+000	3.416365e+000
3.578030502452242e-003	5.301022e+000	8.285150e+000	4.037915e+000
3.587796127452241e-003	5.875280e+000	8.770178e+000	4.605294e+000
3.597561752452241e-003	6.378103e+000	9.123420e+000	5.102753e+000
3.607327377452241e-003	6.797231e+000	9.339985e+000	5.517796e+000
3.617093002452241e-003	7.126006e+000	9.420859e+000	5.843575e+000
3.625760706349317e-003	7.335710e+000	9.376969e+000	6.051457e+000
3.633738664965595e-003	7.449311e+000	9.230735e+000	6.164100e+000
3.643504289965595e-003	7.488300e+000	8.924640e+000	6.202763e+000
3.653269914965594e-003	7.422982e+000	8.491962e+000	6.137991e+000
3.663035539965594e-003	7.248805e+000	7.932884e+000	5.965303e+000
3.672801164965594e-003	6.967901e+000	7.255833e+000	5.686894e+000
3.682566789965594e-003	6.584100e+000	6.470997e+000	5.306714e+000
3.692332414965594e-003	6.102827e+000	5.590178e+000	4.830369e+000
3.702098039965593e-003	5.530953e+000	4.626607e+000	4.265038e+000
3.711863664965593e-003	4.876617e+000	3.594750e+000	3.619379e+000
3.721629289965593e-003	4.148923e+000	2.510085e+000	2.903452e+000
3.731394914965593e-003	3.357124e+000	1.388847e+000	2.128784e+000
3.741160539965593e-003	2.507334e+000	2.477172e-001	1.309052e+000
3.750926164965592e-003	1.150819e+000	-9.031613e-001	5.819434e-001
3.760691789965592e-003	-1.016875e+000	-2.061790e+000	1.203355e-001
3.761912493090593e-003	-1.197375e+000	-2.207260e+000	1.184504e-001
3.764353899340592e-003	-1.297526e+000	-2.496453e+000	1.949782e-001
3.769236711840593e-003	-1.523223e+000	-3.061015e+000	3.880419e-001
3.779002336840593e-003	-2.051637e+000	-4.144634e+000	8.729548e-001
3.788767961840593e-003	-2.656604e+000	-5.162413e+000	1.448754e+000
3.798533586840592e-003	-3.316464e+000	-6.095183e+000	2.088528e+000
3.808299211840592e-003	-3.994597e+000	-6.931608e+000	2.751747e+000
3.818064836840592e-003	-4.660786e+000	-7.661002e+000	3.406592e+000
3.827830461840592e-003	-5.290941e+000	-8.273714e+000	4.027964e+000
3.837596086840592e-003	-5.865764e+000	-8.761442e+000	4.595885e+000
3.847361711840591e-003	-6.369678e+000	-9.117482e+000	5.094414e+000
3.857127336840591e-003	-6.790286e+000	-9.336913e+000	5.510916e+000
3.866892961840591e-003	-7.121147e+000	-9.421138e+000	5.838759e+000
3.875435007238327e-003	-7.330592e+000	-9.381844e+000	6.046384e+000
3.883208328985917e-003	-7.444659e+000	-9.243846e+000	6.159486e+000
3.892973953985916e-003	-7.488916e+000	-8.944390e+000	6.203373e+000
3.902739578985916e-003	-7.429479e+000	-8.518788e+000	6.144433e+000
3.912505203985916e-003	-7.261136e+000	-7.966377e+000	5.977527e+000
3.922270828985916e-003	-6.985917e+000	-7.295488e+000	5.704748e+000
3.932036453985916e-003	-6.607562e+000	-6.516218e+000	5.329947e+000
3.941802078985915e-003	-6.131406e+000	-5.640284e+000	4.858641e+000
3.951567703985915e-003	-5.564245e+000	-4.680846e+000	4.297926e+000
3.961333328985915e-003	-4.914155e+000	-3.652309e+000	3.656377e+000
3.971098953985915e-003	-4.190196e+000	-2.570100e+000	2.943981e+000
3.980864578985915e-003	-3.401652e+000	-1.450422e+000	2.172177e+000
3.990630203985914e-003	-2.555100e+000	-3.099435e-001	1.354465e+000
4.000395828985914e-003	-1.207840e+000	8.410953e-001	6.061637e-001
4.010161453985914e-003	4.983968e-001	1.996901e+000	2.432544e-001
4.019927078985914e-003	1.540611e+000	3.134743e+000	4.171527e-001
4.029692703985914e-003	2.077078e+000	4.220325e+000	8.970990e-001
4.039458328985913e-003	2.692611e+000	5.232074e+000	1.483550e+000
4.049223953985913e-003	3.358118e+000	6.158142e+000	2.129150e+000
4.058989578985913e-003	4.038349e+000	6.987171e+000	2.794679e+000
4.068755203985913e-003	4.704064e+000	7.708505e+000	3.449216e+000
4.078520828985912e-003	5.331785e+000	8.312560e+000	4.068285e+000
4.088286453985912e-003	5.902662e+000	8.791128e+000	4.632370e+000
4.098052078985912e-003	6.401461e+000	9.137616e+000	5.125875e+000
4.107817703985912e-003	6.816054e+000	9.347229e+000	5.536442e+000
4.117583328985912e-003	7.136997e+000	9.417097e+000	5.854470e+000
4.127348953985911e-003	7.359402e+000	9.349171e+000	6.074948e+000
4.136324630987874e-003	7.468808e+000	9.161115e+000	6.183431e+000
4.146090255987874e-003	7.481685e+000	8.822852e+000	6.196201e+000
4.155855880987874e-003	7.387445e+000	8.355987e+000	6.102754e+000
4.165621505987874e-003	7.184735e+000	7.764771e+000	5.901792e+000
4.175387130987873e-003	6.876148e+000	7.058116e+000	5.595984e+000
4.185152755987873e-003	6.465950e+000	6.246652e+000	5.189730e+000
4.194918380987873e-003	5.959963e+000	5.342576e+000	4.689063e+000
4.204684005987873e-003	5.365415e+000	4.359468e+000	4.101561e+000
4.214449630987873e-003	4.690738e+000	3.312085e+000	3.436259e+000
4.224215255987872e-003	3.945211e+000	2.216129e+000	2.703588e+000
4.233980880987872e-003	3.137835e+000	1.087992e+000	1.915509e+000
4.243746505987872e-003	2.270342e+000	-5.563178e-002	1.086973e+000
4.253512130987872e-003	8.907221e-001	-1.204768e+000	4.674484e-001
4.263277755987872e-003	-1.294222e+000	-2.358456e+000	3.135574e-001
4.264498459112872e-003	-1.470433e+000	-2.502973e+000	3.358831e-001
4.266939865362872e-003	-1.555423e+000	-2.789653e+000	4.111639e-001
4.271822677862872e-003	-1.765532e+000	-3.347967e+000	6.033567e-001
4.281588302862872e-003	-2.279987e+000	-4.415900e+000	1.087640e+000
4.291353927862872e-003	-2.876790e+000	-5.414368e+000	1.661109e+000
4.301119552862872e-003	-3.528269e+000	-6.324066e+000	2.295077e+000
4.310885177862872e-003	-4.195113e+000	-7.134052e+000	2.948527e+000
4.320650802862871e-003	-4.846748e+000	-7.834038e+000	3.589811e+000
4.330416427862871e-003	-5.459246e+000	-8.414803e+000	4.194158e+000
4.340182052862871e-003	-6.013500e+000	-8.868511e+000	4.741985e+000
4.349947677862871e-003	-6.494308e+000	-9.188961e+000	5.217793e+000
4.359713302862871e-003	-6.889694e+000	-9.371754e+000	5.609400e+000
4.369478927862870e-003	-7.190431e+000	-9.414429e+000	5.907434e+000
4.379244552862870e-003	-7.389714e+000	-9.316539e+000	6.105002e+000
4.389010177862870e-003	-7.482957e+000	-9.079687e+000	6.197462e+000
4.398775802862870e-003	-7.467634e+000	-8.707521e+000	6.182268e+000
4.408541427862870e-003	-7.343176e+000	-8.205693e+000	6.058861e+000
4.418307052862869e-003	-7.110862e+000	-7.581779e+000	5.828571e+000
4.428072677862869e-003	-6.773732e+000	-6.845179e+000	5.494526e+000
4.437838302862869e-003	-6.336477e+000	-6.006971e+000	5.061567e+000
4.447603927862869e-003	-5.805309e+000	-5.079756e+000	4.536151e+000
4.457369552862868e-003	-5.187807e+000	-4.077456e+000	3.926260e+000
4.467135177862868e-003	-4.492675e+000	-3.015115e+000	3.241307e+000
4.476900802862868e-003	-3.729313e+000	-1.908652e+000	2.492111e+000
4.486666427862868e-003	-2.906154e+000	-7.745954e-001	1.691145e+000
4.496432052862868e-003	-1.999527e+000	3.706810e-001	8.583931e-001
4.506197677862867e-003	-5.913302e-001	1.517458e+000	3.505571e-001
4.515963302862867e-003	1.535363e+000	2.665202e+000	4.978039e-001
4.517184005987868e-003	1.704271e+000	2.808497e+000	5.444329e-001
4.519625412237867e-003	1.787770e+000	3.091974e+000	6.215060e-001
4.524508224737868e-003	1.995618e+000	3.642831e+000	8.165938e-001
4.534273849737868e-003	2.506620e+000	4.692915e+000	1.303947e+000
4.544039474737868e-003	3.098848e+000	5.670034e+000	1.876418e+000
4.553805099737867e-003	3.742502e+000	6.554676e+000	2.504577e+000
4.563570724737867e-003	4.397653e+000	7.336261e+000	3.147639e+000
4.573336349737867e-003	5.033933e+000	8.004904e+000	3.774377e+000
4.583101974737867e-003	5.627615e+000	8.551831e+000	4.360491e+000
4.592867599737867e-003	6.159996e+000	8.969700e+000	4.886907e+000
4.602633224737866e-003	6.616335e+000	9.252827e+000	5.338623e+000
4.612398849737866e-003	6.985124e+000	9.397367e+000	5.703957e+000
4.622164474737866e-003	7.258914e+000	9.403161e+000	5.975322e+000
4.631445710821756e-003	7.422866e+000	9.276894e+000	6.137875e+000
4.641211335821756e-003	7.490040e+000	9.007454e+000	6.204487e+000
4.650976960821756e-003	7.449801e+000	8.605524e+000	6.164584e+000
4.660742585821756e-003	7.300652e+000	8.075465e+000	6.016703e+000
4.670508210821755e-003	7.044249e+000	7.425280e+000	5.762554e+000
4.680273835821755e-003	6.683993e+000	6.664761e+000	5.405639e+000
4.690039460821755e-003	6.224912e+000	5.805346e+000	4.951158e+000
4.699805085821755e-003	5.673536e+000	4.859950e+000	4.405910e+000
4.709570710821755e-003	5.037713e+000	3.842771e+000	3.778199e+000
4.719336335821754e-003	4.326350e+000	2.769069e+000	3.077751e+000
4.729101960821754e-003	3.548773e+000	1.654927e+000	2.315726e+000
4.738867585821754e-003	2.712689e+000	5.169617e-001	1.505115e+000
4.748633210821754e-003	1.537716e+000	-6.321977e-001	7.110323e-001
4.758398835821753e-003	-5.295013e-002	-1.785241e+000	2.688064e-001
4.768164460821753e-003	-1.344841e+000	-2.925657e+000	4.152193e-001
4.777930085821753e-003	-2.052919e+000	-4.023085e+000	8.733526e-001
4.787695710821753e-003	-2.626587e+000	-5.051203e+000	1.419626e+000
4.797461335821753e-003	-3.268841e+000	-5.994978e+000	2.041847e+000
4.807226960821752e-003	-3.937685e+000	-6.843255e+000	2.695774e+000
4.816992585821752e-003	-4.600560e+000	-7.585383e+000	3.347285e+000
4.826758210821752e-003	-5.231870e+000	-8.211665e+000	3.969666e+000
4.836523835821752e-003	-5.811054e+000	-8.713695e+000	4.541797e+000
4.846289460821752e-003	-6.321702e+000	-9.084617e+000	5.046927e+000
4.856055085821751e-003	-6.750822e+000	-9.319329e+000	5.471824e+000
4.865820710821751e-003	-7.093240e+000	-9.421469e+000	5.811100e+000
4.873689113150388e-003	-7.296473e+000	-9.400073e+000	6.012556e+000
4.882012730398662e-003	-7.430394e+000	-9.268156e+000	6.145342e+000
4.891778355398662e-003	-7.489190e+000	-8.987332e+000	6.203645e+000
4.901543980398662e-003	-7.442953e+000	-8.577753e+000	6.157793e+000
4.911309605398662e-003	-7.287743e+000	-8.040468e+000	6.003904e+000
4.921075230398662e-003	-7.025357e+000	-7.383584e+000	5.743832e+000
4.930840855398661e-003	-6.659317e+000	-6.616990e+000	5.381200e+000
4.940606480398661e-003	-6.194759e+000	-5.752215e+000	4.921321e+000
4.950372105398661e-003	-5.638304e+000	-4.802253e+000	4.371096e+000
4.960137730398661e-003	-4.997879e+000	-3.781367e+000	3.738918e+000
4.969903355398661e-003	-4.282443e+000	-2.704873e+000	3.034601e+000
4.979668980398660e-003	-3.501319e+000	-1.588894e+000	2.269395e+000
4.989434605398660e-003	-2.661905e+000	-4.500633e-001	1.456445e+000
4.999200230398660e-003	-1.779434e+000	6.973715e-001	6.145614e-001
5.000000000000000e-003	-1.704195e+000	7.913347e-001	5.444468e-001
