time	V(vin)	V(vout)	I(R1)
0.000000000000000e+000	0.000000e+000	0.000000e+000	0.000000e+000
1.428571428571429e-010	7.142857e-001	-3.337456e-012	-5.624555e-010
2.857142857142858e-010	1.428571e+000	-1.538000e-012	-2.130390e-009
4.285714285714288e-010	2.142857e+000	5.398368e-012	-4.703803e-009
5.714285714285716e-010	2.857143e+000	1.747165e-011	-8.282696e-009
7.142857142857145e-010	3.571429e+000	3.468184e-011	-1.286707e-008
8.571428571428575e-010	4.285714e+000	5.702895e-011	-1.845692e-008
1.000000000000000e-009	5.000000e+000	8.451297e-011	-2.505225e-008
2.283328362829088e-007	5.000000e+000	1.668153e-005	-1.134181e-005
4.556656725658176e-007	5.000000e+000	6.456120e-005	-2.256460e-005
6.829985088487263e-007	5.000000e+000	1.436391e-004	-3.369343e-005
9.103313451316352e-007	5.000000e+000	2.539152e-004	-4.472830e-005
1.137664181414544e-006	5.000000e+000	3.953895e-004	-5.566922e-005
1.364997017697453e-006	5.000000e+000	5.680621e-004	-6.651617e-005
1.592329853980361e-006	5.000000e+000	7.719328e-004	-7.726916e-005
3.183671848936636e-006	5.000000e+000	2.927220e-003	-1.503303e-004
5.872445566753953e-006	5.000000e+000	9.191206e-003	-2.657771e-004
9.790284020281329e-006	5.000000e+000	2.364692e-002	-4.175529e-004
1.532260662163815e-005	5.000000e+000	5.345843e-002	-6.023386e-004
2.272560333399028e-005	5.000000e+000	1.076201e-001	-8.034489e-004
3.255517573374386e-005	5.000000e+000	1.991009e-001	-1.004176e-003
4.530122583203759e-005	5.000000e+000	3.410764e-001	-1.178692e-003
6.191734126823978e-005	5.000000e+000	5.498613e-001	-1.305137e-003
8.230498257730692e-005	5.000000e+000	8.227381e-001	-1.361765e-003
1.051068875395798e-004	5.000000e+000	1.131320e+000	-1.348146e-003
1.322306803416185e-004	5.000000e+000	1.486449e+000	-1.278112e-003
1.615275553416185e-004	5.000000e+000	1.845416e+000	-1.175959e-003
1.908244303416185e-004	5.000000e+000	2.173910e+000	-1.066554e-003
2.201213053416185e-004	5.000000e+000	2.470813e+000	-9.603077e-004
2.494181803416185e-004	5.000000e+000	2.737689e+000	-8.615611e-004
2.787150553416186e-004	5.000000e+000	2.976922e+000	-7.716040e-004
3.080119303416186e-004	5.000000e+000	3.191087e+000	-6.904336e-004
3.373088053416186e-004	5.000000e+000	3.382684e+000	-6.175326e-004
3.666056803416186e-004	5.000000e+000	3.554033e+000	-5.522090e-004
3.959025553416187e-004	5.000000e+000	3.707248e+000	-4.937419e-004
4.251994303416187e-004	5.000000e+000	3.844238e+000	-4.414415e-004
4.544963053416187e-004	5.000000e+000	3.966715e+000	-3.946705e-004
4.837931803416188e-004	5.000000e+000	4.076216e+000	-3.528502e-004
5.130900553416188e-004	5.000000e+000	4.174112e+000	-3.154591e-004
5.423869303416188e-004	5.000000e+000	4.261635e+000	-2.820294e-004
5.716838053416188e-004	5.000000e+000	4.339883e+000	-2.521419e-004
6.009806803416189e-004	5.000000e+000	4.409839e+000	-2.254214e-004
6.302775553416189e-004	5.000000e+000	4.472381e+000	-2.015326e-004
6.595744303416189e-004	5.000000e+000	4.528295e+000	-1.801753e-004
6.888713053416189e-004	5.000000e+000	4.578283e+000	-1.610813e-004
7.181681803416190e-004	5.000000e+000	4.622974e+000	-1.440108e-004
7.474650553416190e-004	5.000000e+000	4.662930e+000	-1.287493e-004
7.767619303416190e-004	5.000000e+000	4.698650e+000	-1.151052e-004
8.060588053416190e-004	5.000000e+000	4.730586e+000	-1.029069e-004
8.353556803416191e-004	5.000000e+000	4.759137e+000	-9.200143e-005
8.646525553416191e-004	5.000000e+000	4.784662e+000	-8.225162e-005
8.939494303416191e-004	5.000000e+000	4.807483e+000	-7.353503e-005
9.232463053416191e-004	5.000000e+000	4.827885e+000	-6.574219e-005
9.525431803416192e-004	5.000000e+000	4.846125e+000	-5.877519e-005
9.818400553416192e-004	5.000000e+000	4.862432e+000	-5.254652e-005
1.011136930341619e-003	5.000000e+000	4.877010e+000	-4.697792e-005
1.040433805341619e-003	5.000000e+000	4.890044e+000	-4.199946e-005
1.069730680341619e-003	5.000000e+000	4.901696e+000	-3.754858e-005
1.099027555341619e-003	5.000000e+000	4.912114e+000	-3.356939e-005
1.128324430341619e-003	5.000000e+000	4.921428e+000	-3.001189e-005
1.157621305341619e-003	5.000000e+000	4.929754e+000	-2.683139e-005
1.186918180341619e-003	5.000000e+000	4.937199e+000	-2.398795e-005
1.216215055341619e-003	5.000000e+000	4.943854e+000	-2.144583e-005
1.245511930341619e-003	5.000000e+000	4.949804e+000	-1.917312e-005
1.274808805341620e-003	5.000000e+000	4.955123e+000	-1.714126e-005
1.304105680341620e-003	5.000000e+000	4.959879e+000	-1.532472e-005
1.333402555341620e-003	5.000000e+000	4.964131e+000	-1.370069e-005
1.362699430341620e-003	5.000000e+000	4.967932e+000	-1.224877e-005
1.391996305341620e-003	5.000000e+000	4.971331e+000	-1.095071e-005
1.421293180341620e-003	5.000000e+000	4.974369e+000	-9.790212e-006
1.450590055341620e-003	5.000000e+000	4.977085e+000	-8.752698e-006
1.479886930341620e-003	5.000000e+000	4.979513e+000	-7.825134e-006
1.509183805341620e-003	5.000000e+000	4.981685e+000	-6.995870e-006
1.538480680341620e-003	5.000000e+000	4.983625e+000	-6.254485e-006
1.567777555341620e-003	5.000000e+000	4.985361e+000	-5.591669e-006
1.597074430341620e-003	5.000000e+000	4.986912e+000	-4.999094e-006
1.626371305341620e-003	5.000000e+000	4.988299e+000	-4.469317e-006
1.655668180341620e-003	5.000000e+000	4.989539e+000	-3.995684e-006
1.684965055341620e-003	5.000000e+000	4.990648e+000	-3.572243e-006
1.714261930341620e-003	5.000000e+000	4.991639e+000	-3.193676e-006
1.743558805341620e-003	5.000000e+000	4.992525e+000	-2.855227e-006
1.772855680341620e-003	5.000000e+000	4.993317e+000	-2.552646e-006
1.802152555341620e-003	5.000000e+000	4.994025e+000	-2.282130e-006
1.831449430341620e-003	5.000000e+000	4.994658e+000	-2.040283e-006
1.860746305341620e-003	5.000000e+000	4.995224e+000	-1.824065e-006
1.890043180341620e-003	5.000000e+000	4.995730e+000	-1.630760e-006
1.919340055341620e-003	5.000000e+000	4.996183e+000	-1.457941e-006
1.948636930341620e-003	5.000000e+000	4.996588e+000	-1.303436e-006
1.977933805341620e-003	5.000000e+000	4.996949e+000	-1.165305e-006
2.007230680341620e-003	5.000000e+000	4.997272e+000	-1.041813e-006
2.036527555341620e-003	5.000000e+000	4.997561e+000	-9.314069e-007
2.065824430341620e-003	5.000000e+000	4.997820e+000	-8.327015e-007
2.095121305341619e-003	5.000000e+000	4.998051e+000	-7.444563e-007
2.124418180341619e-003	5.000000e+000	4.998258e+000	-6.655629e-007
2.153715055341619e-003	5.000000e+000	4.998442e+000	-5.950301e-007
2.183011930341619e-003	5.000000e+000	4.998607e+000	-5.319721e-007
2.212308805341619e-003	5.000000e+000	4.998755e+000	-4.755966e-007
2.241605680341618e-003	5.000000e+000	4.998887e+000	-4.251954e-007
2.270902555341618e-003	5.000000e+000	4.999005e+000	-3.801355e-007
2.300199430341618e-003	5.000000e+000	4.999110e+000	-3.398508e-007
2.329496305341618e-003	5.000000e+000	4.999205e+000	-3.038353e-007
2.358793180341618e-003	5.000000e+000	4.999289e+000	-2.716365e-007
2.417386930341617e-003	5.000000e+000	4.999432e+000	-2.171140e-007
2.475980680341617e-003	5.000000e+000	4.999546e+000	-1.735352e-007
2.534574430341617e-003	5.000000e+000	4.999637e+000	-1.387035e-007
2.593168180341616e-003	5.000000e+000	4.999710e+000	-1.108631e-007
2.681058805341616e-003	5.000000e+000	4.999793e+000	-7.922034e-008
2.768949430341615e-003	5.000000e+000	4.999852e+000	-5.660911e-008
2.856840055341614e-003	5.000000e+000	4.999894e+000	-4.045162e-008
2.927989608913043e-003	5.000000e+000	4.999917e+000	-3.175851e-008
2.999139162484471e-003	5.000000e+000	4.999936e+000	-2.432369e-008
3.070288716055899e-003	5.000000e+000	4.999953e+000	-1.814716e-008
3.141438269627327e-003	5.000000e+000	4.999965e+000	-1.322893e-008
3.212587823198755e-003	5.000000e+000	4.999975e+000	-9.568987e-009
3.283737376770183e-003	5.000000e+000	4.999981e+000	-7.167340e-009
3.354886930341611e-003	5.000000e+000	4.999984e+000	-6.023985e-009
3.551594519627326e-003	5.000000e+000	4.999990e+000	-3.815000e-009
3.748302108913041e-003	5.000000e+000	4.999994e+000	-2.056970e-009
3.945009698198755e-003	5.000000e+000	4.999998e+000	-7.498941e-010
4.141717287484470e-003	5.000000e+000	5.000000e+000	1.062265e-010
4.338424876770185e-003	5.000000e+000	5.000001e+000	5.113922e-010
4.535132466055900e-003	5.000000e+000	5.000001e+000	4.656032e-010
4.731840055341614e-003	5.000000e+000	5.000000e+000	-3.114067e-011
5.000001002151003e-003	4.989245e+000	5.000000e+000	-1.071968e-011
5.000001144700859e-003	4.276496e+000	5.000000e+000	9.104903e-010
5.000001287250717e-003	3.563746e+000	5.000000e+000	2.717461e-009
5.000001429800573e-003	2.850997e+000	5.000000e+000	5.410192e-009
5.000001572350430e-003	2.138248e+000	5.000000e+000	8.988683e-009
5.000001714900286e-003	1.425499e+000	5.000000e+000	1.345293e-008
5.000001857450144e-003	7.127493e-001	5.000000e+000	1.880295e-008
5.000002000000000e-003	0.000000e+000	5.000000e+000	2.503872e-008
5.000688956645485e-003	0.000000e+000	4.999840e+000	3.389755e-005
5.001375913290970e-003	0.000000e+000	4.999414e+000	6.696265e-005
5.002062869936455e-003	0.000000e+000	4.998723e+000	9.922036e-005
5.002749826581941e-003	0.000000e+000	4.997765e+000	1.306707e-004
5.003436783227426e-003	0.000000e+000	4.996542e+000	1.613136e-004
5.004123739872911e-003	0.000000e+000	4.995052e+000	1.911491e-004
5.004810696518396e-003	0.000000e+000	4.993297e+000	2.201772e-004
5.009619429724515e-003	0.000000e+000	4.975042e+000	4.047285e-004
5.019236896136751e-003	0.000000e+000	4.915692e+000	7.011354e-004
5.032175144307330e-003	0.000000e+000	4.802255e+000	9.879447e-004
5.047395329051293e-003	0.000000e+000	4.633570e+000	1.198133e-003
5.064696932456258e-003	0.000000e+000	4.414308e+000	1.320412e-003
5.084717874065912e-003	0.000000e+000	4.144878e+000	1.364951e-003
5.107932063094122e-003	0.000000e+000	3.831033e+000	1.343237e-003
5.135548631800220e-003	0.000000e+000	3.471555e+000	1.267628e-003
5.164845506800220e-003	0.000000e+000	3.115804e+000	1.163765e-003
5.194142381800221e-003	0.000000e+000	2.790896e+000	1.054278e-003
5.223439256800221e-003	0.000000e+000	2.497488e+000	9.487196e-004
5.252736131800221e-003	0.000000e+000	2.233868e+000	8.509281e-004
5.282033006800221e-003	0.000000e+000	1.997602e+000	7.619762e-004
5.311329881800221e-003	0.000000e+000	1.786116e+000	6.817720e-004
5.340626756800222e-003	0.000000e+000	1.596926e+000	6.097647e-004
5.369923631800222e-003	0.000000e+000	1.427734e+000	5.452535e-004
5.399220506800222e-003	0.000000e+000	1.276449e+000	4.875188e-004
5.428517381800222e-003	0.000000e+000	1.141186e+000	4.358757e-004
5.457814256800223e-003	0.000000e+000	1.020253e+000	3.896936e-004
5.487111131800223e-003	0.000000e+000	9.121336e-001	3.484003e-004
5.516408006800223e-003	0.000000e+000	8.154714e-001	3.114806e-004
5.545704881800223e-003	0.000000e+000	7.290524e-001	2.784724e-004
5.575001756800224e-003	0.000000e+000	6.517916e-001	2.489618e-004
5.604298631800224e-003	0.000000e+000	5.827183e-001	2.225784e-004
5.633595506800224e-003	0.000000e+000	5.209650e-001	1.989908e-004
5.662892381800224e-003	0.000000e+000	4.657560e-001	1.779029e-004
5.692189256800225e-003	0.000000e+000	4.163977e-001	1.590497e-004
5.721486131800225e-003	0.000000e+000	3.722702e-001	1.421945e-004
5.750783006800225e-003	0.000000e+000	3.328190e-001	1.271255e-004
5.780079881800225e-003	0.000000e+000	2.975487e-001	1.136534e-004
5.809376756800226e-003	0.000000e+000	2.660161e-001	1.016090e-004
5.838673631800226e-003	0.000000e+000	2.378251e-001	9.084107e-005
5.867970506800226e-003	0.000000e+000	2.126217e-001	8.121423e-005
5.897267381800226e-003	0.000000e+000	1.900892e-001	7.260759e-005
5.926564256800227e-003	0.000000e+000	1.699446e-001	6.491303e-005
5.955861131800227e-003	0.000000e+000	1.519348e-001	5.803390e-005
5.985158006800227e-003	0.000000e+000	1.358336e-001	5.188378e-005
6.014454881800227e-003	0.000000e+000	1.214387e-001	4.638542e-005
6.043751756800228e-003	0.000000e+000	1.085692e-001	4.146975e-005
6.073048631800228e-003	0.000000e+000	9.706368e-002	3.707501e-005
6.102345506800228e-003	0.000000e+000	8.677740e-002	3.314600e-005
6.131642381800228e-003	0.000000e+000	7.758120e-002	2.963337e-005
6.160939256800229e-003	0.000000e+000	6.935956e-002	2.649298e-005
6.190236131800229e-003	0.000000e+000	6.200922e-002	2.368540e-005
6.219533006800229e-003	0.000000e+000	5.543781e-002	2.117535e-005
6.248829881800229e-003	0.000000e+000	4.956282e-002	1.893130e-005
6.278126756800229e-003	0.000000e+000	4.431042e-002	1.692507e-005
6.307423631800230e-003	0.000000e+000	3.961464e-002	1.513144e-005
6.336720506800230e-003	0.000000e+000	3.541650e-002	1.352789e-005
6.366017381800230e-003	0.000000e+000	3.166325e-002	1.209428e-005
6.395314256800230e-003	0.000000e+000	2.830775e-002	1.081259e-005
6.424611131800231e-003	0.000000e+000	2.530785e-002	9.666734e-006
6.453908006800231e-003	0.000000e+000	2.262586e-002	8.642306e-006
6.483204881800231e-003	0.000000e+000	2.022810e-002	7.726441e-006
6.512501756800231e-003	0.000000e+000	1.808443e-002	6.907635e-006
6.541798631800232e-003	0.000000e+000	1.616794e-002	6.175601e-006
6.571095506800232e-003	0.000000e+000	1.445455e-002	5.521145e-006
6.600392381800232e-003	0.000000e+000	1.292274e-002	4.936044e-006
6.629689256800232e-003	0.000000e+000	1.155325e-002	4.412949e-006
6.658986131800233e-003	0.000000e+000	1.032890e-002	3.945288e-006
6.688283006800233e-003	0.000000e+000	9.234303e-003	3.527188e-006
6.717579881800233e-003	0.000000e+000	8.255702e-003	3.153396e-006
6.746876756800233e-003	0.000000e+000	7.380807e-003	2.819216e-006
6.776173631800234e-003	0.000000e+000	6.598630e-003	2.520451e-006
6.805470506800234e-003	0.000000e+000	5.899343e-003	2.253347e-006
6.834767381800234e-003	0.000000e+000	5.274162e-003	2.014550e-006
6.864064256800234e-003	0.000000e+000	4.715235e-003	1.801059e-006
6.893361131800235e-003	0.000000e+000	4.215540e-003	1.610192e-006
6.922658006800235e-003	0.000000e+000	3.768800e-003	1.439553e-006
6.951954881800235e-003	0.000000e+000	3.369403e-003	1.286997e-006
6.981251756800235e-003	0.000000e+000	3.012332e-003	1.150608e-006
7.010548631800236e-003	0.000000e+000	2.693102e-003	1.028673e-006
7.039845506800236e-003	0.000000e+000	2.407701e-003	9.196597e-007
7.069142381800236e-003	0.000000e+000	2.152546e-003	8.221991e-007
7.098439256800236e-003	0.000000e+000	1.924431e-003	7.350669e-007
7.127736131800237e-003	0.000000e+000	1.720490e-003	6.571685e-007
7.157033006800237e-003	0.000000e+000	1.538162e-003	5.875254e-007
7.186329881800237e-003	0.000000e+000	1.375156e-003	5.252626e-007
7.215626756800237e-003	0.000000e+000	1.229424e-003	4.695982e-007
7.244923631800238e-003	0.000000e+000	1.099137e-003	4.198327e-007
7.274220506800238e-003	0.000000e+000	9.826563e-004	3.753411e-007
7.303517381800238e-003	0.000000e+000	8.785197e-004	3.355645e-007
7.332814256800238e-003	0.000000e+000	7.854190e-004	3.000032e-007
7.362111131800238e-003	0.000000e+000	7.021845e-004	2.682105e-007
7.420704881800239e-003	0.000000e+000	5.612431e-004	2.143757e-007
7.479298631800239e-003	0.000000e+000	4.485912e-004	1.713465e-007
7.537892381800240e-003	0.000000e+000	3.585506e-004	1.369541e-007
7.596486131800240e-003	0.000000e+000	2.865829e-004	1.094649e-007
7.684376756800241e-003	0.000000e+000	2.047858e-004	7.822119e-008
7.772267381800242e-003	0.000000e+000	1.463354e-004	5.589514e-008
7.860158006800242e-003	0.000000e+000	1.045681e-004	3.994143e-008
7.931307560371670e-003	0.000000e+000	8.209625e-005	3.135796e-008
8.002457113943096e-003	0.000000e+000	6.287712e-005	2.401691e-008
8.073606667514523e-003	0.000000e+000	4.691070e-005	1.791828e-008
8.144756221085949e-003	0.000000e+000	3.419699e-005	1.306208e-008
8.215905774657377e-003	0.000000e+000	2.473598e-005	9.448301e-009
8.287055328228803e-003	0.000000e+000	1.852768e-005	7.076943e-009
8.358204881800231e-003	0.000000e+000	1.557209e-005	5.948008e-009
8.559097738943084e-003	0.000000e+000	9.823943e-006	3.752411e-009
8.759990596085936e-003	0.000000e+000	5.253741e-006	2.006750e-009
8.960883453228791e-003	0.000000e+000	1.861489e-006	7.110251e-010
9.161776310371643e-003	0.000000e+000	-3.528148e-007	-1.347633e-010
9.362669167514496e-003	0.000000e+000	-1.389169e-006	-5.306154e-010
9.563562024657349e-003	0.000000e+000	-1.247575e-006	-4.765312e-010
9.764454881800201e-003	0.000000e+000	7.196827e-008	2.748942e-011
1.000000000000000e-002	0.000000e+000	2.915318e-008	1.113552e-011
1.000000014285714e-002	7.142857e-001	2.915279e-008	-8.943640e-010
1.000000028571429e-002	1.428571e+000	2.915665e-008	-2.690881e-009
1.000000042857143e-002	2.142857e+000	2.916476e-008	-5.378414e-009
1.000000057142857e-002	2.857143e+000	2.917712e-008	-8.956965e-009
1.000000071428571e-002	3.571429e+000	2.919374e-008	-1.342653e-008
1.000000085714286e-002	4.285714e+000	2.921462e-008	-1.878712e-008
1.000000100000000e-002	5.000000e+000	2.923974e-008	-2.503872e-008
1.000034447359739e-002	5.000000e+000	3.916528e-005	-1.708181e-005
1.000068794719479e-002	5.000000e+000	1.476386e-004	-3.392936e-005
1.000103142079218e-002	5.000000e+000	3.254493e-004	-5.056768e-005
1.000137489438957e-002	5.000000e+000	5.725972e-004	-6.699676e-005
1.000171836798696e-002	5.000000e+000	8.890824e-004	-8.321662e-005
1.000206184158436e-002	5.000000e+000	1.274905e-003	-9.922725e-005
1.000240531518175e-002	5.000000e+000	1.730065e-003	-1.150286e-004
1.000473851740212e-002	5.000000e+000	6.168056e-003	-2.182594e-004
1.000806662765666e-002	5.000000e+000	1.654994e-002	-3.530691e-004
1.001303044069998e-002	5.000000e+000	3.987935e-002	-5.296842e-004
1.001957075970078e-002	5.000000e+000	8.274621e-002	-7.236511e-004
1.002850191362841e-002	5.000000e+000	1.590799e-001	-9.294710e-004
1.003994199584582e-002	5.000000e+000	2.788034e-001	-1.115378e-003
1.005504908725085e-002	5.000000e+000	4.613686e-001	-1.263475e-003
1.007445691372466e-002	5.000000e+000	7.165928e-001	-1.349826e-003
1.009598607168117e-002	5.000000e+000	1.008381e+000	-1.360769e-003
1.012150841336275e-002	5.000000e+000	1.348230e+000	-1.310006e-003
1.015080528836275e-002	5.000000e+000	1.717305e+000	-1.214962e-003
1.018010216336275e-002	5.000000e+000	2.057384e+000	-1.106638e-003
1.020939903836275e-002	5.000000e+000	2.365748e+000	-9.984667e-004
1.023869591336275e-002	5.000000e+000	2.643363e+000	-8.967117e-004
1.026799278836275e-002	5.000000e+000	2.892416e+000	-8.034908e-004
1.029728966336275e-002	5.000000e+000	3.115458e+000	-7.191468e-004
1.032658653836275e-002	5.000000e+000	3.315035e+000	-6.432945e-004
1.035588341336275e-002	5.000000e+000	3.493537e+000	-5.752816e-004
1.038518028836275e-002	5.000000e+000	3.653157e+000	-5.143877e-004
1.041447716336275e-002	5.000000e+000	3.795876e+000	-4.599074e-004
1.044377403836275e-002	5.000000e+000	3.923477e+000	-4.111831e-004
1.047307091336275e-002	5.000000e+000	4.037559e+000	-3.676144e-004
1.050236778836275e-002	5.000000e+000	4.139552e+000	-3.286595e-004
1.053166466336275e-002	5.000000e+000	4.230737e+000	-2.938312e-004
1.056096153836274e-002	5.000000e+000	4.312259e+000	-2.626931e-004
1.059025841336274e-002	5.000000e+000	4.385142e+000	-2.348546e-004
1.061955528836274e-002	5.000000e+000	4.450301e+000	-2.099661e-004
1.064885216336274e-002	5.000000e+000	4.508555e+000	-1.877151e-004
1.067814903836274e-002	5.000000e+000	4.560636e+000	-1.678221e-004
1.070744591336274e-002	5.000000e+000	4.607197e+000	-1.500372e-004
1.073674278836274e-002	5.000000e+000	4.648825e+000	-1.341371e-004
1.076603966336274e-002	5.000000e+000	4.686040e+000	-1.199220e-004
1.079533653836274e-002	5.000000e+000	4.719312e+000	-1.072133e-004
1.082463341336274e-002	5.000000e+000	4.749058e+000	-9.585141e-005
1.085393028836274e-002	5.000000e+000	4.775651e+000	-8.569359e-005
1.088322716336274e-002	5.000000e+000	4.799427e+000	-7.661225e-005
1.091252403836274e-002	5.000000e+000	4.820682e+000	-6.849330e-005
1.094182091336274e-002	5.000000e+000	4.839685e+000	-6.123475e-005
1.097111778836274e-002	5.000000e+000	4.856675e+000	-5.474543e-005
1.100041466336274e-002	5.000000e+000	4.871863e+000	-4.894381e-005
1.102971153836273e-002	5.000000e+000	4.885443e+000	-4.375701e-005
1.105900841336273e-002	5.000000e+000	4.897583e+000	-3.911988e-005
1.108830528836273e-002	5.000000e+000	4.908436e+000	-3.497417e-005
1.111760216336273e-002	5.000000e+000	4.918139e+000	-3.126779e-005
1.114689903836273e-002	5.000000e+000	4.926815e+000	-2.795420e-005
1.117619591336273e-002	5.000000e+000	4.934570e+000	-2.499177e-005
1.120549278836273e-002	5.000000e+000	4.941504e+000	-2.234328e-005
1.123478966336273e-002	5.000000e+000	4.947703e+000	-1.997546e-005
1.126408653836273e-002	5.000000e+000	4.953246e+000	-1.785857e-005
1.129338341336273e-002	5.000000e+000	4.958200e+000	-1.596601e-005
1.132268028836273e-002	5.000000e+000	4.962630e+000	-1.427402e-005
1.135197716336273e-002	5.000000e+000	4.966590e+000	-1.276134e-005
1.138127403836273e-002	5.000000e+000	4.970131e+000	-1.140896e-005
1.141057091336273e-002	5.000000e+000	4.973296e+000	-1.019990e-005
1.143986778836273e-002	5.000000e+000	4.976126e+000	-9.118972e-006
1.146916466336273e-002	5.000000e+000	4.978656e+000	-8.152593e-006
1.149846153836272e-002	5.000000e+000	4.980918e+000	-7.288625e-006
1.152775841336272e-002	5.000000e+000	4.982940e+000	-6.516217e-006
1.155705528836272e-002	5.000000e+000	4.984748e+000	-5.825663e-006
1.158635216336272e-002	5.000000e+000	4.986364e+000	-5.208291e-006
1.161564903836272e-002	5.000000e+000	4.987810e+000	-4.656345e-006
1.164494591336272e-002	5.000000e+000	4.989101e+000	-4.162891e-006
1.167424278836272e-002	5.000000e+000	4.990256e+000	-3.721730e-006
1.170353966336272e-002	5.000000e+000	4.991289e+000	-3.327321e-006
1.173283653836272e-002	5.000000e+000	4.992212e+000	-2.974710e-006
1.176213341336272e-002	5.000000e+000	4.993037e+000	-2.659466e-006
1.179143028836272e-002	5.000000e+000	4.993775e+000	-2.377631e-006
1.182072716336272e-002	5.000000e+000	4.994435e+000	-2.125662e-006
1.185002403836272e-002	5.000000e+000	4.995025e+000	-1.900396e-006
1.187932091336272e-002	5.000000e+000	4.995552e+000	-1.699002e-006
1.190861778836272e-002	5.000000e+000	4.996023e+000	-1.518951e-006
1.193791466336272e-002	5.000000e+000	4.996445e+000	-1.357981e-006
1.196721153836271e-002	5.000000e+000	4.996821e+000	-1.214070e-006
1.199650841336271e-002	5.000000e+000	4.997158e+000	-1.085409e-006
1.202580528836271e-002	5.000000e+000	4.997459e+000	-9.703834e-007
1.205510216336271e-002	5.000000e+000	4.997729e+000	-8.675475e-007
1.208439903836271e-002	5.000000e+000	4.997970e+000	-7.756095e-007
1.211369591336271e-002	5.000000e+000	4.998185e+000	-6.934147e-007
1.214299278836271e-002	5.000000e+000	4.998377e+000	-6.199303e-007
1.217228966336271e-002	5.000000e+000	4.998549e+000	-5.542335e-007
1.220158653836271e-002	5.000000e+000	4.998703e+000	-4.954989e-007
1.223088341336271e-002	5.000000e+000	4.998840e+000	-4.429886e-007
1.226018028836271e-002	5.000000e+000	4.998963e+000	-3.960430e-007
1.228947716336271e-002	5.000000e+000	4.999073e+000	-3.540726e-007
1.231877403836271e-002	5.000000e+000	4.999171e+000	-3.165499e-007
1.234807091336271e-002	5.000000e+000	4.999259e+000	-2.830037e-007
1.240666466336271e-002	5.000000e+000	4.999408e+000	-2.261996e-007
1.246525841336270e-002	5.000000e+000	4.999527e+000	-1.807971e-007
1.252385216336270e-002	5.000000e+000	4.999621e+000	-1.445078e-007
1.258244591336270e-002	5.000000e+000	4.999698e+000	-1.155024e-007
1.267033653836270e-002	5.000000e+000	4.999784e+000	-8.253547e-008
1.275822716336270e-002	5.000000e+000	4.999846e+000	-5.897803e-008
1.284611778836270e-002	5.000000e+000	4.999889e+000	-4.214440e-008
1.291726734193412e-002	5.000000e+000	4.999913e+000	-3.308751e-008
1.298841689550555e-002	5.000000e+000	4.999933e+000	-2.534156e-008
1.305956644907698e-002	5.000000e+000	4.999950e+000	-1.890657e-008
1.313071600264840e-002	5.000000e+000	4.999964e+000	-1.378252e-008
1.320186555621983e-002	5.000000e+000	4.999974e+000	-9.969421e-009
1.327301510979126e-002	5.000000e+000	4.999981e+000	-7.467271e-009
1.334416466336269e-002	5.000000e+000	4.999984e+000	-6.276070e-009
1.353668698479125e-002	5.000000e+000	4.999990e+000	-3.990553e-009
1.372920930621982e-002	5.000000e+000	4.999994e+000	-2.169742e-009
1.392173162764839e-002	5.000000e+000	4.999998e+000	-8.136379e-010
1.411425394907695e-002	5.000000e+000	5.000000e+000	7.775935e-011
1.430677627050552e-002	5.000000e+000	5.000001e+000	5.044498e-010
1.449929859193409e-002	5.000000e+000	5.000001e+000	4.664335e-010
1.469182091336266e-002	5.000000e+000	5.000000e+000	-3.628959e-011
1.500000100214266e-002	4.989287e+000	5.000000e+000	-1.072277e-011
1.500000114469371e-002	4.276532e+000	5.000000e+000	9.110909e-010
1.500000128724476e-002	3.563776e+000	5.000000e+000	2.718464e-009
1.500000142979581e-002	2.851021e+000	5.000000e+000	5.411396e-009
1.500000157234685e-002	2.138266e+000	5.000000e+000	8.989887e-009
1.500000171489790e-002	1.425511e+000	5.000000e+000	1.345394e-008
1.500000185744895e-002	7.127553e-001	5.000000e+000	1.880355e-008
1.500000200000000e-002	0.000000e+000	5.000000e+000	2.503872e-008
1.500068843465798e-002	0.000000e+000	4.999841e+000	3.387219e-005
1.500137486931595e-002	0.000000e+000	4.999416e+000	6.691312e-005
1.500206130397393e-002	0.000000e+000	4.998725e+000	9.914781e-005
1.500274773863191e-002	0.000000e+000	4.997769e+000	1.305763e-004
1.500343417328988e-002	0.000000e+000	4.996547e+000	1.611985e-004
1.500412060794786e-002	0.000000e+000	4.995060e+000	1.910145e-004
1.500480704260583e-002	0.000000e+000	4.993307e+000	2.200243e-004
1.500961212187151e-002	0.000000e+000	4.975078e+000	4.044717e-004
1.501922228040287e-002	0.000000e+000	4.915800e+000	7.007432e-004
1.503216054210242e-002	0.000000e+000	4.802400e+000	9.876813e-004
1.504737557419328e-002	0.000000e+000	4.633808e+000	1.197933e-003
1.506467732008120e-002	0.000000e+000	4.414566e+000	1.320325e-003
1.508469199123566e-002	0.000000e+000	4.145230e+000	1.364941e-003
1.510790512356933e-002	0.000000e+000	3.831393e+000	1.343290e-003
1.513551253870196e-002	0.000000e+000	3.472010e+000	1.267747e-003
1.516480941370196e-002	0.000000e+000	3.116224e+000	1.163899e-003
1.519410628870196e-002	0.000000e+000	2.791276e+000	1.054412e-003
1.522340316370196e-002	0.000000e+000	2.497830e+000	9.488453e-004
1.525270003870196e-002	0.000000e+000	2.234175e+000	8.510433e-004
1.528199691370196e-002	0.000000e+000	1.997878e+000	7.620804e-004
1.531129378870196e-002	0.000000e+000	1.786362e+000	6.818656e-004
1.534059066370196e-002	0.000000e+000	1.597146e+000	6.098486e-004
1.536988753870196e-002	0.000000e+000	1.427931e+000	5.453287e-004
1.539918441370196e-002	0.000000e+000	1.276625e+000	4.875860e-004
1.542848128870196e-002	0.000000e+000	1.141343e+000	4.359359e-004
1.545777816370196e-002	0.000000e+000	1.020394e+000	3.897474e-004
1.548707503870195e-002	0.000000e+000	9.122595e-001	3.484483e-004
1.551637191370195e-002	0.000000e+000	8.155839e-001	3.115236e-004
1.554566878870195e-002	0.000000e+000	7.291531e-001	2.785109e-004
1.557496566370195e-002	0.000000e+000	6.518816e-001	2.489962e-004
1.560426253870195e-002	0.000000e+000	5.827988e-001	2.226091e-004
1.563355941370195e-002	0.000000e+000	5.210369e-001	1.990182e-004
1.566285628870195e-002	0.000000e+000	4.658203e-001	1.779274e-004
1.569215316370196e-002	0.000000e+000	4.164552e-001	1.590717e-004
1.572145003870196e-002	0.000000e+000	3.723215e-001	1.422141e-004
1.575074691370196e-002	0.000000e+000	3.328649e-001	1.271430e-004
1.578004378870196e-002	0.000000e+000	2.975897e-001	1.136691e-004
1.580934066370196e-002	0.000000e+000	2.660528e-001	1.016231e-004
1.583863753870196e-002	0.000000e+000	2.378579e-001	9.085362e-005
1.586793441370196e-002	0.000000e+000	2.126510e-001	8.122544e-005
1.589723128870196e-002	0.000000e+000	1.901155e-001	7.261761e-005
1.592652816370196e-002	0.000000e+000	1.699681e-001	6.492199e-005
1.595582503870197e-002	0.000000e+000	1.519558e-001	5.804191e-005
1.598512191370197e-002	0.000000e+000	1.358523e-001	5.189094e-005
1.601441878870197e-002	0.000000e+000	1.214554e-001	4.639182e-005
1.604371566370197e-002	0.000000e+000	1.085842e-001	4.147547e-005
1.607301253870197e-002	0.000000e+000	9.707707e-002	3.708012e-005
1.610230941370197e-002	0.000000e+000	8.678937e-002	3.315057e-005
1.613160628870197e-002	0.000000e+000	7.759190e-002	2.963746e-005
1.616090316370197e-002	0.000000e+000	6.936914e-002	2.649664e-005
1.619020003870197e-002	0.000000e+000	6.201778e-002	2.368867e-005
1.621949691370198e-002	0.000000e+000	5.544547e-002	2.117828e-005
1.624879378870198e-002	0.000000e+000	4.956966e-002	1.893392e-005
1.627809066370198e-002	0.000000e+000	4.431654e-002	1.692740e-005
1.630738753870198e-002	0.000000e+000	3.962011e-002	1.513353e-005
1.633668441370198e-002	0.000000e+000	3.542139e-002	1.352976e-005
1.636598128870198e-002	0.000000e+000	3.166762e-002	1.209595e-005
1.639527816370198e-002	0.000000e+000	2.831166e-002	1.081409e-005
1.642457503870198e-002	0.000000e+000	2.531134e-002	9.668068e-006
1.645387191370198e-002	0.000000e+000	2.262899e-002	8.643498e-006
1.648316878870199e-002	0.000000e+000	2.023089e-002	7.727507e-006
1.651246566370199e-002	0.000000e+000	1.808693e-002	6.908589e-006
1.654176253870199e-002	0.000000e+000	1.617017e-002	6.176454e-006
1.657105941370199e-002	0.000000e+000	1.445655e-002	5.521907e-006
1.660035628870199e-002	0.000000e+000	1.292452e-002	4.936725e-006
1.662965316370199e-002	0.000000e+000	1.155485e-002	4.413558e-006
1.665895003870199e-002	0.000000e+000	1.033033e-002	3.945833e-006
1.668824691370199e-002	0.000000e+000	9.235578e-003	3.527675e-006
1.671754378870199e-002	0.000000e+000	8.256841e-003	3.153831e-006
1.674684066370200e-002	0.000000e+000	7.381826e-003	2.819605e-006
1.677613753870200e-002	0.000000e+000	6.599540e-003	2.520799e-006
1.680543441370200e-002	0.000000e+000	5.900157e-003	2.253658e-006
1.683473128870200e-002	0.000000e+000	5.274890e-003	2.014828e-006
1.686402816370200e-002	0.000000e+000	4.715886e-003	1.801307e-006
1.689332503870200e-002	0.000000e+000	4.216122e-003	1.610415e-006
1.692262191370200e-002	0.000000e+000	3.769320e-003	1.439752e-006
1.695191878870200e-002	0.000000e+000	3.369868e-003	1.287175e-006
1.698121566370200e-002	0.000000e+000	3.012748e-003	1.150767e-006
1.701051253870201e-002	0.000000e+000	2.693473e-003	1.028815e-006
1.703980941370201e-002	0.000000e+000	2.408034e-003	9.197867e-007
1.706910628870201e-002	0.000000e+000	2.152843e-003	8.223126e-007
1.709840316370201e-002	0.000000e+000	1.924697e-003	7.351684e-007
1.712770003870201e-002	0.000000e+000	1.720728e-003	6.572592e-007
1.715699691370201e-002	0.000000e+000	1.538374e-003	5.876065e-007
1.718629378870201e-002	0.000000e+000	1.375346e-003	5.253352e-007
1.721559066370201e-002	0.000000e+000	1.229594e-003	4.696630e-007
1.724488753870201e-002	0.000000e+000	1.099289e-003	4.198907e-007
1.727418441370202e-002	0.000000e+000	9.827919e-004	3.753929e-007
1.730348128870202e-002	0.000000e+000	8.786410e-004	3.356108e-007
1.733277816370202e-002	0.000000e+000	7.855274e-004	3.000446e-007
1.736207503870202e-002	0.000000e+000	7.022815e-004	2.682475e-007
1.742066878870202e-002	0.000000e+000	5.613206e-004	2.144053e-007
1.747926253870202e-002	0.000000e+000	4.486531e-004	1.713702e-007
1.753785628870203e-002	0.000000e+000	3.586001e-004	1.369730e-007
1.759645003870203e-002	0.000000e+000	2.866224e-004	1.094800e-007
1.768434066370203e-002	0.000000e+000	2.048141e-004	7.823198e-008
1.777223128870203e-002	0.000000e+000	1.463556e-004	5.590285e-008
1.786012191370204e-002	0.000000e+000	1.045825e-004	3.994695e-008
1.793127146727347e-002	0.000000e+000	8.210758e-005	3.136229e-008
1.800242102084490e-002	0.000000e+000	6.288580e-005	2.402023e-008
1.807357057441633e-002	0.000000e+000	4.691717e-005	1.792076e-008
1.814472012798776e-002	0.000000e+000	3.420170e-005	1.306388e-008
1.821586968155919e-002	0.000000e+000	2.473939e-005	9.449604e-009
1.828701923513063e-002	0.000000e+000	1.853024e-005	7.077919e-009
1.835816878870206e-002	0.000000e+000	1.557424e-005	5.948829e-009
1.854232057441635e-002	0.000000e+000	9.986659e-006	3.814563e-009
1.872647236013064e-002	0.000000e+000	5.525337e-006	2.110490e-009
1.891062414584493e-002	0.000000e+000	2.190278e-006	8.366113e-010
1.909477593155923e-002	0.000000e+000	-1.851870e-008	-7.073484e-012
1.927892771727352e-002	0.000000e+000	-1.101052e-006	-4.205644e-010
1.946307950298781e-002	0.000000e+000	-1.057323e-006	-4.038614e-010
1.964723128870211e-002	0.000000e+000	1.126682e-007	4.303542e-011
1.967652816370211e-002	0.000000e+000	1.007283e-007	3.847476e-011
2.000000000000000e-002	0.000000e+000	2.915318e-008	1.113552e-011
2.000000014285714e-002	7.142857e-001	2.915278e-008	-8.943642e-010
2.000000028571429e-002	1.428571e+000	2.915664e-008	-2.690881e-009
2.000000042857143e-002	2.142857e+000	2.916475e-008	-5.378415e-009
2.000000057142857e-002	2.857143e+000	2.917712e-008	-8.956965e-009
2.000000071428571e-002	3.571429e+000	2.919374e-008	-1.342653e-008
2.000000085714286e-002	4.285714e+000	2.921461e-008	-1.878712e-008
2.000000100000000e-002	5.000000e+000	2.923974e-008	-2.503872e-008
2.000034447354705e-002	5.000000e+000	3.916526e-005	-1.708181e-005
2.000068794709409e-002	5.000000e+000	1.476386e-004	-3.392936e-005
2.000103142064114e-002	5.000000e+000	3.254491e-004	-5.056767e-005
2.000137489418818e-002	5.000000e+000	5.725970e-004	-6.699676e-005
2.000171836773523e-002	5.000000e+000	8.890821e-004	-8.321661e-005
2.000206184128228e-002	5.000000e+000	1.274905e-003	-9.922724e-005
2.000240531482932e-002	5.000000e+000	1.730064e-003	-1.150286e-004
2.000473851687701e-002	5.000000e+000	6.168055e-003	-2.182594e-004
2.000806662685322e-002	5.000000e+000	1.654994e-002	-3.530691e-004
2.001303043961978e-002	5.000000e+000	3.987934e-002	-5.296842e-004
2.001957075821086e-002	5.000000e+000	8.274619e-002	-7.236510e-004
2.002850191170467e-002	5.000000e+000	1.590799e-001	-9.294710e-004
2.003994199330388e-002	5.000000e+000	2.788034e-001	-1.115378e-003
2.005504908399063e-002	5.000000e+000	4.613685e-001	-1.263475e-003
2.007445690942190e-002	5.000000e+000	7.165928e-001	-1.349826e-003
2.009598606708303e-002	5.000000e+000	1.008381e+000	-1.360769e-003
2.012150840772763e-002	5.000000e+000	1.348230e+000	-1.310006e-003
2.015080528272763e-002	5.000000e+000	1.717305e+000	-1.214962e-003
2.018010215772763e-002	5.000000e+000	2.057384e+000	-1.106638e-003
2.020939903272763e-002	5.000000e+000	2.365748e+000	-9.984667e-004
2.023869590772763e-002	5.000000e+000	2.643363e+000	-8.967117e-004
2.026799278272764e-002	5.000000e+000	2.892416e+000	-8.034909e-004
2.029728965772764e-002	5.000000e+000	3.115458e+000	-7.191468e-004
2.032658653272764e-002	5.000000e+000	3.315035e+000	-6.432945e-004
2.035588340772764e-002	5.000000e+000	3.493537e+000	-5.752816e-004
2.038518028272764e-002	5.000000e+000	3.653157e+000	-5.143877e-004
2.041447715772764e-002	5.000000e+000	3.795876e+000	-4.599075e-004
2.044377403272764e-002	5.000000e+000	3.923477e+000	-4.111831e-004
2.047307090772764e-002	5.000000e+000	4.037559e+000	-3.676145e-004
2.050236778272764e-002	5.000000e+000	4.139552e+000	-3.286595e-004
2.053166465772765e-002	5.000000e+000	4.230737e+000	-2.938312e-004
2.056096153272765e-002	5.000000e+000	4.312259e+000	-2.626931e-004
2.059025840772765e-002	5.000000e+000	4.385142e+000	-2.348546e-004
2.061955528272765e-002	5.000000e+000	4.450301e+000	-2.099661e-004
2.064885215772765e-002	5.000000e+000	4.508555e+000	-1.877151e-004
2.067814903272765e-002	5.000000e+000	4.560636e+000	-1.678221e-004
2.070744590772765e-002	5.000000e+000	4.607197e+000	-1.500372e-004
2.073674278272765e-002	5.000000e+000	4.648825e+000	-1.341371e-004
2.076603965772765e-002	5.000000e+000	4.686040e+000	-1.199220e-004
2.079533653272766e-002	5.000000e+000	4.719312e+000	-1.072133e-004
2.082463340772766e-002	5.000000e+000	4.749058e+000	-9.585141e-005
2.085393028272766e-002	5.000000e+000	4.775651e+000	-8.569359e-005
2.088322715772766e-002	5.000000e+000	4.799427e+000	-7.661225e-005
2.091252403272766e-002	5.000000e+000	4.820682e+000	-6.849330e-005
2.094182090772766e-002	5.000000e+000	4.839685e+000	-6.123476e-005
2.097111778272766e-002	5.000000e+000	4.856675e+000	-5.474543e-005
2.100041465772766e-002	5.000000e+000	4.871863e+000	-4.894381e-005
2.102971153272766e-002	5.000000e+000	4.885443e+000	-4.375701e-005
2.105900840772767e-002	5.000000e+000	4.897583e+000	-3.911988e-005
2.108830528272767e-002	5.000000e+000	4.908436e+000	-3.497417e-005
2.111760215772767e-002	5.000000e+000	4.918139e+000	-3.126779e-005
2.114689903272767e-002	5.000000e+000	4.926815e+000	-2.795420e-005
2.117619590772767e-002	5.000000e+000	4.934570e+000	-2.499177e-005
2.120549278272767e-002	5.000000e+000	4.941504e+000	-2.234328e-005
2.123478965772767e-002	5.000000e+000	4.947703e+000	-1.997546e-005
2.126408653272767e-002	5.000000e+000	4.953246e+000	-1.785857e-005
2.129338340772767e-002	5.000000e+000	4.958200e+000	-1.596601e-005
2.132268028272768e-002	5.000000e+000	4.962630e+000	-1.427402e-005
2.135197715772768e-002	5.000000e+000	4.966590e+000	-1.276134e-005
2.138127403272768e-002	5.000000e+000	4.970131e+000	-1.140896e-005
2.141057090772768e-002	5.000000e+000	4.973296e+000	-1.019990e-005
2.143986778272768e-002	5.000000e+000	4.976126e+000	-9.118972e-006
2.146916465772768e-002	5.000000e+000	4.978656e+000	-8.152593e-006
2.149846153272768e-002	5.000000e+000	4.980918e+000	-7.288626e-006
2.152775840772768e-002	5.000000e+000	4.982940e+000	-6.516217e-006
2.155705528272768e-002	5.000000e+000	4.984748e+000	-5.825663e-006
2.158635215772769e-002	5.000000e+000	4.986364e+000	-5.208291e-006
2.161564903272769e-002	5.000000e+000	4.987810e+000	-4.656345e-006
2.164494590772769e-002	5.000000e+000	4.989101e+000	-4.162891e-006
2.167424278272769e-002	5.000000e+000	4.990256e+000	-3.721730e-006
2.170353965772769e-002	5.000000e+000	4.991289e+000	-3.327321e-006
2.173283653272769e-002	5.000000e+000	4.992212e+000	-2.974710e-006
2.176213340772769e-002	5.000000e+000	4.993037e+000	-2.659466e-006
2.179143028272769e-002	5.000000e+000	4.993775e+000	-2.377631e-006
2.182072715772769e-002	5.000000e+000	4.994435e+000	-2.125662e-006
2.185002403272770e-002	5.000000e+000	4.995025e+000	-1.900396e-006
2.187932090772770e-002	5.000000e+000	4.995552e+000	-1.699002e-006
2.190861778272770e-002	5.000000e+000	4.996023e+000	-1.518951e-006
2.193791465772770e-002	5.000000e+000	4.996445e+000	-1.357981e-006
2.196721153272770e-002	5.000000e+000	4.996821e+000	-1.214070e-006
2.199650840772770e-002	5.000000e+000	4.997158e+000	-1.085409e-006
2.202580528272770e-002	5.000000e+000	4.997459e+000	-9.703834e-007
2.205510215772770e-002	5.000000e+000	4.997729e+000	-8.675475e-007
2.208439903272770e-002	5.000000e+000	4.997970e+000	-7.756095e-007
2.211369590772771e-002	5.000000e+000	4.998185e+000	-6.934147e-007
2.214299278272771e-002	5.000000e+000	4.998377e+000	-6.199303e-007
2.217228965772771e-002	5.000000e+000	4.998549e+000	-5.542335e-007
2.220158653272771e-002	5.000000e+000	4.998703e+000	-4.954989e-007
2.223088340772771e-002	5.000000e+000	4.998840e+000	-4.429886e-007
2.226018028272771e-002	5.000000e+000	4.998963e+000	-3.960430e-007
2.228947715772771e-002	5.000000e+000	4.999073e+000	-3.540726e-007
2.231877403272771e-002	5.000000e+000	4.999171e+000	-3.165499e-007
2.234807090772771e-002	5.000000e+000	4.999259e+000	-2.830037e-007
2.240666465772772e-002	5.000000e+000	4.999408e+000	-2.261996e-007
2.246525840772772e-002	5.000000e+000	4.999527e+000	-1.807971e-007
2.252385215772772e-002	5.000000e+000	4.999621e+000	-1.445078e-007
2.258244590772772e-002	5.000000e+000	4.999698e+000	-1.155024e-007
2.267033653272773e-002	5.000000e+000	4.999784e+000	-8.253548e-008
2.275822715772773e-002	5.000000e+000	4.999846e+000	-5.897803e-008
2.284611778272773e-002	5.000000e+000	4.999889e+000	-4.214440e-008
2.291726733629916e-002	5.000000e+000	4.999913e+000	-3.308751e-008
2.298841688987060e-002	5.000000e+000	4.999933e+000	-2.534156e-008
2.305956644344203e-002	5.000000e+000	4.999950e+000	-1.890657e-008
2.313071599701346e-002	5.000000e+000	4.999964e+000	-1.378252e-008
2.320186555058489e-002	5.000000e+000	4.999974e+000	-9.969421e-009
2.327301510415632e-002	5.000000e+000	4.999981e+000	-7.467271e-009
2.334416465772775e-002	5.000000e+000	4.999984e+000	-6.276070e-009
2.353668697915633e-002	5.000000e+000	4.999990e+000	-3.990553e-009
2.372920930058491e-002	5.000000e+000	4.999994e+000	-2.169742e-009
2.392173162201349e-002	5.000000e+000	4.999998e+000	-8.136379e-010
2.411425394344207e-002	5.000000e+000	5.000000e+000	7.775933e-011
2.430677626487065e-002	5.000000e+000	5.000001e+000	5.044498e-010
2.449929858629922e-002	5.000000e+000	5.000001e+000	4.664335e-010
2.469182090772780e-002	5.000000e+000	5.000000e+000	-3.628959e-011
2.500000100214906e-002	4.989254e+000	5.000000e+000	-1.072062e-011
2.500000114469919e-002	4.276504e+000	5.000000e+000	9.106233e-010
2.500000128724933e-002	3.563753e+000	5.000000e+000	2.717683e-009
2.500000142979946e-002	2.851003e+000	5.000000e+000	5.410459e-009
2.500000157234960e-002	2.138252e+000	5.000000e+000	8.988950e-009
2.500000171489973e-002	1.425501e+000	5.000000e+000	1.345316e-008
2.500000185744987e-002	7.127508e-001	5.000000e+000	1.880308e-008
2.500000200000000e-002	0.000000e+000	5.000000e+000	2.503872e-008
2.500068884055912e-002	0.000000e+000	4.999840e+000	3.389191e-005
2.500137568111823e-002	0.000000e+000	4.999415e+000	6.695164e-005
2.500206252167735e-002	0.000000e+000	4.998723e+000	9.920422e-005
2.500274936223647e-002	0.000000e+000	4.997766e+000	1.306497e-004
2.500343620279558e-002	0.000000e+000	4.996543e+000	1.612880e-004
2.500412304335470e-002	0.000000e+000	4.995054e+000	1.911191e-004
2.500480988391382e-002	0.000000e+000	4.993299e+000	2.201432e-004
2.500961780450916e-002	0.000000e+000	4.975050e+000	4.046714e-004
2.501923364569984e-002	0.000000e+000	4.915716e+000	7.010481e-004
2.503217189687857e-002	0.000000e+000	4.802287e+000	9.878861e-004
2.504739093576911e-002	0.000000e+000	4.633623e+000	1.198088e-003
2.506469257076079e-002	0.000000e+000	4.414365e+000	1.320393e-003
2.508471211784514e-002	0.000000e+000	4.144957e+000	1.364949e-003
2.510792607175657e-002	0.000000e+000	3.831113e+000	1.343249e-003
2.513554060467125e-002	0.000000e+000	3.471656e+000	1.267655e-003
2.516483747967125e-002	0.000000e+000	3.115898e+000	1.163794e-003
2.519413435467125e-002	0.000000e+000	2.790980e+000	1.054308e-003
2.522343122967126e-002	0.000000e+000	2.497564e+000	9.487476e-004
2.525272810467126e-002	0.000000e+000	2.233936e+000	8.509537e-004
2.528202497967126e-002	0.000000e+000	1.997663e+000	7.619994e-004
2.531132185467126e-002	0.000000e+000	1.786170e+000	6.817928e-004
2.534061872967126e-002	0.000000e+000	1.596975e+000	6.097833e-004
2.536991560467126e-002	0.000000e+000	1.427778e+000	5.452702e-004
2.539921247967126e-002	0.000000e+000	1.276488e+000	4.875337e-004
2.542850935467126e-002	0.000000e+000	1.141221e+000	4.358891e-004
2.545780622967126e-002	0.000000e+000	1.020284e+000	3.897055e-004
2.548710310467127e-002	0.000000e+000	9.121616e-001	3.484109e-004
2.551639997967127e-002	0.000000e+000	8.154964e-001	3.114901e-004
2.554569685467127e-002	0.000000e+000	7.290748e-001	2.784810e-004
2.557499372967127e-002	0.000000e+000	6.518116e-001	2.489694e-004
2.560429060467127e-002	0.000000e+000	5.827362e-001	2.225852e-004
2.563358747967127e-002	0.000000e+000	5.209810e-001	1.989969e-004
2.566288435467127e-002	0.000000e+000	4.657703e-001	1.779083e-004
2.569218122967127e-002	0.000000e+000	4.164105e-001	1.590546e-004
2.572147810467127e-002	0.000000e+000	3.722816e-001	1.421988e-004
2.575077497967128e-002	0.000000e+000	3.328292e-001	1.271294e-004
2.578007185467128e-002	0.000000e+000	2.975578e-001	1.136569e-004
2.580936872967128e-002	0.000000e+000	2.660242e-001	1.016122e-004
2.583866560467128e-002	0.000000e+000	2.378324e-001	9.084386e-005
2.586796247967128e-002	0.000000e+000	2.126282e-001	8.121672e-005
2.589725935467128e-002	0.000000e+000	1.900951e-001	7.260982e-005
2.592655622967128e-002	0.000000e+000	1.699498e-001	6.491502e-005
2.595585310467128e-002	0.000000e+000	1.519395e-001	5.803568e-005
2.598514997967128e-002	0.000000e+000	1.358377e-001	5.188537e-005
2.601444685467129e-002	0.000000e+000	1.214424e-001	4.638685e-005
2.604374372967129e-002	0.000000e+000	1.085726e-001	4.147102e-005
2.607304060467129e-002	0.000000e+000	9.706666e-002	3.707615e-005
2.610233747967129e-002	0.000000e+000	8.678006e-002	3.314702e-005
2.613163435467129e-002	0.000000e+000	7.758358e-002	2.963428e-005
2.616093122967129e-002	0.000000e+000	6.936169e-002	2.649380e-005
2.619022810467129e-002	0.000000e+000	6.201112e-002	2.368613e-005
2.621952497967129e-002	0.000000e+000	5.543952e-002	2.117600e-005
2.624882185467129e-002	0.000000e+000	4.956434e-002	1.893188e-005
2.627811872967130e-002	0.000000e+000	4.431178e-002	1.692559e-005
2.630741560467130e-002	0.000000e+000	3.961586e-002	1.513190e-005
2.633671247967130e-002	0.000000e+000	3.541759e-002	1.352831e-005
2.636600935467130e-002	0.000000e+000	3.166422e-002	1.209465e-005
2.639530622967130e-002	0.000000e+000	2.830862e-002	1.081293e-005
2.642460310467130e-002	0.000000e+000	2.530863e-002	9.667030e-006
2.645389997967130e-002	0.000000e+000	2.262656e-002	8.642571e-006
2.648319685467130e-002	0.000000e+000	2.022872e-002	7.726679e-006
2.651249372967130e-002	0.000000e+000	1.808499e-002	6.907847e-006
2.654179060467131e-002	0.000000e+000	1.616844e-002	6.175791e-006
2.657108747967131e-002	0.000000e+000	1.445499e-002	5.521314e-006
2.660038435467131e-002	0.000000e+000	1.292313e-002	4.936195e-006
2.662968122967131e-002	0.000000e+000	1.155361e-002	4.413084e-006
2.665897810467131e-002	0.000000e+000	1.032922e-002	3.945410e-006
2.668827497967131e-002	0.000000e+000	9.234587e-003	3.527296e-006
2.671757185467131e-002	0.000000e+000	8.255955e-003	3.153493e-006
2.674686872967131e-002	0.000000e+000	7.381034e-003	2.819303e-006
2.677616560467131e-002	0.000000e+000	6.598832e-003	2.520528e-006
2.680546247967132e-002	0.000000e+000	5.899523e-003	2.253416e-006
2.683475935467132e-002	0.000000e+000	5.274324e-003	2.014612e-006
2.686405622967132e-002	0.000000e+000	4.715380e-003	1.801114e-006
2.689335310467132e-002	0.000000e+000	4.215670e-003	1.610242e-006
2.692264997967132e-002	0.000000e+000	3.768916e-003	1.439597e-006
2.695194685467132e-002	0.000000e+000	3.369507e-003	1.287036e-006
2.698124372967132e-002	0.000000e+000	3.012425e-003	1.150643e-006
2.701054060467132e-002	0.000000e+000	2.693184e-003	1.028704e-006
2.703983747967132e-002	0.000000e+000	2.407775e-003	9.196879e-007
2.706913435467133e-002	0.000000e+000	2.152612e-003	8.222244e-007
2.709843122967133e-002	0.000000e+000	1.924490e-003	7.350895e-007
2.712772810467133e-002	0.000000e+000	1.720543e-003	6.571887e-007
2.715702497967133e-002	0.000000e+000	1.538209e-003	5.875435e-007
2.718632185467133e-002	0.000000e+000	1.375198e-003	5.252788e-007
2.721561872967133e-002	0.000000e+000	1.229462e-003	4.696126e-007
2.724491560467133e-002	0.000000e+000	1.099171e-003	4.198456e-007
2.727421247967133e-002	0.000000e+000	9.826864e-004	3.753526e-007
2.730350935467133e-002	0.000000e+000	8.785467e-004	3.355748e-007
2.733280622967134e-002	0.000000e+000	7.854431e-004	3.000124e-007
2.736210310467134e-002	0.000000e+000	7.022060e-004	2.682187e-007
2.742069685467134e-002	0.000000e+000	5.612603e-004	2.143823e-007
2.747929060467134e-002	0.000000e+000	4.486050e-004	1.713518e-007
2.753788435467134e-002	0.000000e+000	3.585616e-004	1.369583e-007
2.759647810467135e-002	0.000000e+000	2.865917e-004	1.094682e-007
2.768436872967135e-002	0.000000e+000	2.047921e-004	7.822359e-008
2.777225935467135e-002	0.000000e+000	1.463399e-004	5.589686e-008
2.786014997967136e-002	0.000000e+000	1.045713e-004	3.994266e-008
2.793129953324279e-002	0.000000e+000	8.209877e-005	3.135892e-008
2.800244908681422e-002	0.000000e+000	6.287905e-005	2.401765e-008
2.807359864038565e-002	0.000000e+000	4.691214e-005	1.791883e-008
2.814474819395708e-002	0.000000e+000	3.419804e-005	1.306248e-008
2.821589774752851e-002	0.000000e+000	2.473674e-005	9.448590e-009
2.828704730109994e-002	0.000000e+000	1.852825e-005	7.077160e-009
2.835819685467137e-002	0.000000e+000	1.557257e-005	5.948190e-009
2.855908971181424e-002	0.000000e+000	9.824245e-006	3.752526e-009
2.875998256895710e-002	0.000000e+000	5.253903e-006	2.006811e-009
2.896087542609997e-002	0.000000e+000	1.861546e-006	7.110470e-010
2.916176828324283e-002	0.000000e+000	-3.528257e-007	-1.347673e-010
2.936266114038570e-002	0.000000e+000	-1.389212e-006	-5.306316e-010
2.956355399752856e-002	0.000000e+000	-1.247613e-006	-4.765457e-010
2.976444685467143e-002	0.000000e+000	7.197048e-008	2.749026e-011
2.999999936162747e-002	0.000000e+000	2.915325e-008	1.113555e-011
3.000000000000000e-002	0.000000e+000	2.915318e-008	1.113552e-011
