Freq.	mag(V(n002)/V(n006))
1.00000000000000e+001	1.05984275965932e-002,0.00000000000000e+000
1.49949949949950e+001	1.58922208067869e-002,0.00000000000000e+000
1.99899899899900e+001	2.11858748504674e-002,0.00000000000000e+000
2.49849849849850e+001	2.64793433792064e-002,0.00000000000000e+000
2.99799799799800e+001	3.17725800526629e-002,0.00000000000000e+000
3.49749749749750e+001	3.70655385406026e-002,0.00000000000000e+000
3.99699699699700e+001	4.23581725249161e-002,0.00000000000000e+000
4.49649649649650e+001	4.76504357016363e-002,0.00000000000000e+000
4.99599599599600e+001	5.29422817829535e-002,0.00000000000000e+000
5.49549549549550e+001	5.82336644992295e-002,0.00000000000000e+000
5.99499499499500e+001	6.35245376010098e-002,0.00000000000000e+000
6.49449449449450e+001	6.88148548610337e-002,0.00000000000000e+000
6.99399399399399e+001	7.41045700762420e-002,0.00000000000000e+000
7.49349349349349e+001	7.93936370697821e-002,0.00000000000000e+000
7.99299299299299e+001	8.46820096930112e-002,0.00000000000000e+000
8.49249249249249e+001	8.99696418274956e-002,0.00000000000000e+000
8.99199199199199e+001	9.52564873870079e-002,0.00000000000000e+000
9.49149149149149e+001	1.00542500319520e-001,0.00000000000000e+000
9.99099099099099e+001	1.05827634609193e-001,0.00000000000000e+000
1.04904904904905e+002	1.11111844278365e-001,0.00000000000000e+000
1.09899899899900e+002	1.16395083389532e-001,0.00000000000000e+000
1.14894894894895e+002	1.21677306047325e-001,0.00000000000000e+000
1.19889889889890e+002	1.26958466400488e-001,0.00000000000000e+000
1.24884884884885e+002	1.32238518643846e-001,0.00000000000000e+000
1.29879879879880e+002	1.37517417020267e-001,0.00000000000000e+000
1.34874874874875e+002	1.42795115822627e-001,0.00000000000000e+000
1.39869869869870e+002	1.48071569395762e-001,0.00000000000000e+000
1.44864864864865e+002	1.53346732138418e-001,0.00000000000000e+000
1.49859859859860e+002	1.58620558505198e-001,0.00000000000000e+000
1.54854854854855e+002	1.63893003008498e-001,0.00000000000000e+000
1.59849849849850e+002	1.69164020220439e-001,0.00000000000000e+000
1.64844844844845e+002	1.74433564774800e-001,0.00000000000000e+000
1.69839839839840e+002	1.79701591368932e-001,0.00000000000000e+000
1.74834834834835e+002	1.84968054765675e-001,0.00000000000000e+000
1.79829829829830e+002	1.90232909795267e-001,0.00000000000000e+000
1.84824824824825e+002	1.95496111357243e-001,0.00000000000000e+000
1.89819819819820e+002	2.00757614422333e-001,0.00000000000000e+000
1.94814814814815e+002	2.06017374034342e-001,0.00000000000000e+000
1.99809809809810e+002	2.11275345312037e-001,0.00000000000000e+000
2.04804804804805e+002	2.16531483451016e-001,0.00000000000000e+000
2.09799799799800e+002	2.21785743725571e-001,0.00000000000000e+000
2.14794794794795e+002	2.27038081490548e-001,0.00000000000000e+000
2.19789789789790e+002	2.32288452183194e-001,0.00000000000000e+000
2.24784784784785e+002	2.37536811324996e-001,0.00000000000000e+000
2.29779779779780e+002	2.42783114523518e-001,0.00000000000000e+000
2.34774774774775e+002	2.48027317474219e-001,0.00000000000000e+000
2.39769769769770e+002	2.53269375962272e-001,0.00000000000000e+000
2.44764764764764e+002	2.58509245864367e-001,0.00000000000000e+000
2.49759759759759e+002	2.63746883150510e-001,0.00000000000000e+000
2.54754754754754e+002	2.68982243885812e-001,0.00000000000000e+000
2.59749749749749e+002	2.74215284232262e-001,0.00000000000000e+000
2.64744744744744e+002	2.79445960450504e-001,0.00000000000000e+000
2.69739739739739e+002	2.84674228901588e-001,0.00000000000000e+000
2.74734734734735e+002	2.89900046048726e-001,0.00000000000000e+000
2.79729729729730e+002	2.95123368459027e-001,0.00000000000000e+000
2.84724724724725e+002	3.00344152805227e-001,0.00000000000000e+000
2.89719719719720e+002	3.05562355867411e-001,0.00000000000000e+000
2.94714714714715e+002	3.10777934534716e-001,0.00000000000000e+000
2.99709709709710e+002	3.15990845807035e-001,0.00000000000000e+000
3.04704704704705e+002	3.21201046796697e-001,0.00000000000000e+000
3.09699699699700e+002	3.26408494730149e-001,0.00000000000000e+000
3.14694694694695e+002	3.31613146949619e-001,0.00000000000000e+000
3.19689689689690e+002	3.36814960914769e-001,0.00000000000000e+000
3.24684684684685e+002	3.42013894204338e-001,0.00000000000000e+000
3.29679679679680e+002	3.47209904517773e-001,0.00000000000000e+000
3.34674674674675e+002	3.52402949676848e-001,0.00000000000000e+000
3.39669669669670e+002	3.57592987627274e-001,0.00000000000000e+000
3.44664664664665e+002	3.62779976440291e-001,0.00000000000000e+000
3.49659659659660e+002	3.67963874314254e-001,0.00000000000000e+000
3.54654654654655e+002	3.73144639576206e-001,0.00000000000000e+000
3.59649649649650e+002	3.78322230683432e-001,0.00000000000000e+000
3.64644644644645e+002	3.83496606225012e-001,0.00000000000000e+000
3.69639639639640e+002	3.88667724923352e-001,0.00000000000000e+000
3.74634634634635e+002	3.93835545635707e-001,0.00000000000000e+000
3.79629629629630e+002	3.99000027355690e-001,0.00000000000000e+000
3.84624624624625e+002	4.04161129214765e-001,0.00000000000000e+000
3.89619619619620e+002	4.09318810483736e-001,0.00000000000000e+000
3.94614614614615e+002	4.14473030574212e-001,0.00000000000000e+000
3.99609609609610e+002	4.19623749040067e-001,0.00000000000000e+000
4.04604604604605e+002	4.24770925578881e-001,0.00000000000000e+000
4.09599599599600e+002	4.29914520033372e-001,0.00000000000000e+000
4.14594594594595e+002	4.35054492392812e-001,0.00000000000000e+000
4.19589589589590e+002	4.40190802794430e-001,0.00000000000000e+000
4.24584584584585e+002	4.45323411524800e-001,0.00000000000000e+000
4.29579579579580e+002	4.50452279021218e-001,0.00000000000000e+000
4.34574574574575e+002	4.55577365873065e-001,0.00000000000000e+000
4.39569569569570e+002	4.60698632823147e-001,0.00000000000000e+000
4.44564564564565e+002	4.65816040769041e-001,0.00000000000000e+000
4.49559559559560e+002	4.70929550764400e-001,0.00000000000000e+000
4.54554554554555e+002	4.76039124020271e-001,0.00000000000000e+000
4.59549549549550e+002	4.81144721906375e-001,0.00000000000000e+000
4.64544544544545e+002	4.86246305952389e-001,0.00000000000000e+000
4.69539539539540e+002	4.91343837849208e-001,0.00000000000000e+000
4.74534534534535e+002	4.96437279450187e-001,0.00000000000000e+000
4.79529529529530e+002	5.01526592772380e-001,0.00000000000000e+000
4.84524524524525e+002	5.06611739997751e-001,0.00000000000000e+000
4.89519519519520e+002	5.11692683474383e-001,0.00000000000000e+000
4.94514514514515e+002	5.16769385717661e-001,0.00000000000000e+000
4.99509509509510e+002	5.21841809411449e-001,0.00000000000000e+000
5.04504504504505e+002	5.26909917409243e-001,0.00000000000000e+000
5.09499499499500e+002	5.31973672735320e-001,0.00000000000000e+000
5.14494494494495e+002	5.37033038585863e-001,0.00000000000000e+000
5.19489489489490e+002	5.42087978330070e-001,0.00000000000000e+000
5.24484484484485e+002	5.47138455511259e-001,0.00000000000000e+000
5.29479479479480e+002	5.52184433847945e-001,0.00000000000000e+000
5.34474474474475e+002	5.57225877234906e-001,0.00000000000000e+000
5.39469469469470e+002	5.62262749744241e-001,0.00000000000000e+000
5.44464464464465e+002	5.67295015626396e-001,0.00000000000000e+000
5.49459459459460e+002	5.72322639311195e-001,0.00000000000000e+000
5.54454454454455e+002	5.77345585408838e-001,0.00000000000000e+000
5.59449449449450e+002	5.82363818710892e-001,0.00000000000000e+000
5.64444444444445e+002	5.87377304191268e-001,0.00000000000000e+000
5.69439439439440e+002	5.92386007007176e-001,0.00000000000000e+000
5.74434434434434e+002	5.97389892500069e-001,0.00000000000000e+000
5.79429429429429e+002	6.02388926196572e-001,0.00000000000000e+000
5.84424424424424e+002	6.07383073809389e-001,0.00000000000000e+000
5.89419419419419e+002	6.12372301238202e-001,0.00000000000000e+000
5.94414414414414e+002	6.17356574570550e-001,0.00000000000000e+000
5.99409409409409e+002	6.22335860082695e-001,0.00000000000000e+000
6.04404404404404e+002	6.27310124240468e-001,0.00000000000000e+000
6.09399399399399e+002	6.32279333700100e-001,0.00000000000000e+000
6.14394394394394e+002	6.37243455309046e-001,0.00000000000000e+000
6.19389389389389e+002	6.42202456106779e-001,0.00000000000000e+000
6.24384384384384e+002	6.47156303325577e-001,0.00000000000000e+000
6.29379379379379e+002	6.52104964391294e-001,0.00000000000000e+000
6.34374374374374e+002	6.57048406924111e-001,0.00000000000000e+000
6.39369369369369e+002	6.61986598739280e-001,0.00000000000000e+000
6.44364364364364e+002	6.66919507847836e-001,0.00000000000000e+000
6.49359359359359e+002	6.71847102457312e-001,0.00000000000000e+000
6.54354354354354e+002	6.76769350972423e-001,0.00000000000000e+000
6.59349349349349e+002	6.81686221995746e-001,0.00000000000000e+000
6.64344344344344e+002	6.86597684328375e-001,0.00000000000000e+000
6.69339339339339e+002	6.91503706970563e-001,0.00000000000000e+000
6.74334334334334e+002	6.96404259122352e-001,0.00000000000000e+000
6.79329329329329e+002	7.01299310184182e-001,0.00000000000000e+000
6.84324324324323e+002	7.06188829757490e-001,0.00000000000000e+000
6.89319319319318e+002	7.11072787645286e-001,0.00000000000000e+000
6.94314314314313e+002	7.15951153852716e-001,0.00000000000000e+000
6.99309309309308e+002	7.20823898587617e-001,0.00000000000000e+000
7.04304304304303e+002	7.25690992261044e-001,0.00000000000000e+000
7.09299299299298e+002	7.30552405487786e-001,0.00000000000000e+000
7.14294294294293e+002	7.35408109086875e-001,0.00000000000000e+000
7.19289289289288e+002	7.40258074082063e-001,0.00000000000000e+000
7.24284284284283e+002	7.45102271702296e-001,0.00000000000000e+000
7.29279279279278e+002	7.49940673382173e-001,0.00000000000000e+000
7.34274274274273e+002	7.54773250762378e-001,0.00000000000000e+000
7.39269269269268e+002	7.59599975690110e-001,0.00000000000000e+000
7.44264264264263e+002	7.64420820219485e-001,0.00000000000000e+000
7.49259259259258e+002	7.69235756611937e-001,0.00000000000000e+000
7.54254254254253e+002	7.74044757336587e-001,0.00000000000000e+000
7.59249249249248e+002	7.78847795070617e-001,0.00000000000000e+000
7.64244244244243e+002	7.83644842699603e-001,0.00000000000000e+000
7.69239239239238e+002	7.88435873317860e-001,0.00000000000000e+000
7.74234234234233e+002	7.93220860228750e-001,0.00000000000000e+000
7.79229229229228e+002	7.97999776944991e-001,0.00000000000000e+000
7.84224224224223e+002	8.02772597188937e-001,0.00000000000000e+000
7.89219219219218e+002	8.07539294892853e-001,0.00000000000000e+000
7.94214214214212e+002	8.12299844199176e-001,0.00000000000000e+000
7.99209209209207e+002	8.17054219460749e-001,0.00000000000000e+000
8.04204204204202e+002	8.21802395241054e-001,0.00000000000000e+000
8.09199199199197e+002	8.26544346314425e-001,0.00000000000000e+000
8.14194194194192e+002	8.31280047666240e-001,0.00000000000000e+000
8.19189189189187e+002	8.36009474493112e-001,0.00000000000000e+000
8.24184184184182e+002	8.40732602203050e-001,0.00000000000000e+000
8.29179179179177e+002	8.45449406415622e-001,0.00000000000000e+000
8.34174174174172e+002	8.50159862962085e-001,0.00000000000000e+000
8.39169169169167e+002	8.54863947885520e-001,0.00000000000000e+000
8.44164164164162e+002	8.59561637440936e-001,0.00000000000000e+000
8.49159159159157e+002	8.64252908095370e-001,0.00000000000000e+000
8.54154154154152e+002	8.68937736527970e-001,0.00000000000000e+000
8.59149149149147e+002	8.73616099630062e-001,0.00000000000000e+000
8.64144144144142e+002	8.78287974505210e-001,0.00000000000000e+000
8.69139139139137e+002	8.82953338469250e-001,0.00000000000000e+000
8.74134134134132e+002	8.87612169050321e-001,0.00000000000000e+000
8.79129129129127e+002	8.92264443988879e-001,0.00000000000000e+000
8.84124124124122e+002	8.96910141237694e-001,0.00000000000000e+000
8.89119119119117e+002	9.01549238961839e-001,0.00000000000000e+000
8.94114114114112e+002	9.06181715538661e-001,0.00000000000000e+000
8.99109109109107e+002	9.10807549557741e-001,0.00000000000000e+000
9.04104104104101e+002	9.15426719820841e-001,0.00000000000000e+000
9.09099099099096e+002	9.20039205341831e-001,0.00000000000000e+000
9.14094094094091e+002	9.24644985346620e-001,0.00000000000000e+000
9.19089089089086e+002	9.29244039273049e-001,0.00000000000000e+000
9.24084084084081e+002	9.33836346770797e-001,0.00000000000000e+000
9.29079079079076e+002	9.38421887701251e-001,0.00000000000000e+000
9.34074074074071e+002	9.43000642137382e-001,0.00000000000000e+000
9.39069069069066e+002	9.47572590363595e-001,0.00000000000000e+000
9.44064064064061e+002	9.52137712875579e-001,0.00000000000000e+000
9.49059059059056e+002	9.56695990380124e-001,0.00000000000000e+000
9.54054054054051e+002	9.61247403794952e-001,0.00000000000000e+000
9.59049049049046e+002	9.65791934248516e-001,0.00000000000000e+000
9.64044044044041e+002	9.70329563079795e-001,0.00000000000000e+000
9.69039039039036e+002	9.74860271838073e-001,0.00000000000000e+000
9.74034034034031e+002	9.79384042282710e-001,0.00000000000000e+000
9.79029029029026e+002	9.83900856382901e-001,0.00000000000000e+000
9.84024024024021e+002	9.88410696317416e-001,0.00000000000000e+000
9.89019019019016e+002	9.92913544474340e-001,0.00000000000000e+000
9.94014014014011e+002	9.97409383450788e-001,0.00000000000000e+000
9.99009009009006e+002	1.00189819605263e+000,0.00000000000000e+000
1.00400400400400e+003	1.00637996529416e+000,0.00000000000000e+000
1.00899899899900e+003	1.01085467439781e+000,0.00000000000000e+000
1.01399399399399e+003	1.01532230679385e+000,0.00000000000000e+000
1.01898898898899e+003	1.01978284611999e+000,0.00000000000000e+000
1.02398398398398e+003	1.02423627622106e+000,0.00000000000000e+000
1.02897897897898e+003	1.02868258114871e+000,0.00000000000000e+000
1.03397397397397e+003	1.03312174516094e+000,0.00000000000000e+000
1.03896896896897e+003	1.03755375272182e+000,0.00000000000000e+000
1.04396396396396e+003	1.04197858850103e+000,0.00000000000000e+000
1.04895895895896e+003	1.04639623737351e+000,0.00000000000000e+000
1.05395395395395e+003	1.05080668441903e+000,0.00000000000000e+000
1.05894894894895e+003	1.05520991492176e+000,0.00000000000000e+000
1.06394394394394e+003	1.05960591436986e+000,0.00000000000000e+000
1.06893893893894e+003	1.06399466845504e+000,0.00000000000000e+000
1.07393393393393e+003	1.06837616307209e+000,0.00000000000000e+000
1.07892892892893e+003	1.07275038431844e+000,0.00000000000000e+000
1.08392392392392e+003	1.07711731849370e+000,0.00000000000000e+000
1.08891891891892e+003	1.08147695209916e+000,0.00000000000000e+000
1.09391391391391e+003	1.08582927183729e+000,0.00000000000000e+000
1.09890890890891e+003	1.09017426461130e+000,0.00000000000000e+000
1.10390390390390e+003	1.09451191752457e+000,0.00000000000000e+000
1.10889889889890e+003	1.09884221788017e+000,0.00000000000000e+000
1.11389389389389e+003	1.10316515318032e+000,0.00000000000000e+000
1.11888888888889e+003	1.10748071112588e+000,0.00000000000000e+000
1.12388388388388e+003	1.11178887961578e+000,0.00000000000000e+000
1.12887887887888e+003	1.11608964674648e+000,0.00000000000000e+000
1.13387387387387e+003	1.12038300081142e+000,0.00000000000000e+000
1.13886886886887e+003	1.12466893030042e+000,0.00000000000000e+000
1.14386386386386e+003	1.12894742389916e+000,0.00000000000000e+000
1.14885885885886e+003	1.13321847048853e+000,0.00000000000000e+000
1.15385385385385e+003	1.13748205914410e+000,0.00000000000000e+000
1.15884884884885e+003	1.14173817913548e+000,0.00000000000000e+000
1.16384384384384e+003	1.14598681992570e+000,0.00000000000000e+000
1.16883883883884e+003	1.15022797117065e+000,0.00000000000000e+000
1.17383383383383e+003	1.15446162271840e+000,0.00000000000000e+000
1.17882882882883e+003	1.15868776460859e+000,0.00000000000000e+000
1.18382382382382e+003	1.16290638707180e+000,0.00000000000000e+000
1.18881881881882e+003	1.16711748052888e+000,0.00000000000000e+000
1.19381381381381e+003	1.17132103559034e+000,0.00000000000000e+000
1.19880880880881e+003	1.17551704305563e+000,0.00000000000000e+000
1.20380380380380e+003	1.17970549391253e+000,0.00000000000000e+000
1.20879879879880e+003	1.18388637933643e+000,0.00000000000000e+000
1.21379379379379e+003	1.18805969068968e+000,0.00000000000000e+000
1.21878878878879e+003	1.19222541952088e+000,0.00000000000000e+000
1.22378378378378e+003	1.19638355756421e+000,0.00000000000000e+000
1.22877877877878e+003	1.20053409673872e+000,0.00000000000000e+000
1.23377377377377e+003	1.20467702914759e+000,0.00000000000000e+000
1.23876876876877e+003	1.20881234707749e+000,0.00000000000000e+000
1.24376376376376e+003	1.21294004299778e+000,0.00000000000000e+000
1.24875875875876e+003	1.21706010955983e+000,0.00000000000000e+000
1.25375375375375e+003	1.22117253959629e+000,0.00000000000000e+000
1.25874874874875e+003	1.22527732612035e+000,0.00000000000000e+000
1.26374374374374e+003	1.22937446232497e+000,0.00000000000000e+000
1.26873873873874e+003	1.23346394158216e+000,0.00000000000000e+000
1.27373373373373e+003	1.23754575744224e+000,0.00000000000000e+000
1.27872872872873e+003	1.24161990363302e+000,0.00000000000000e+000
1.28372372372372e+003	1.24568637405913e+000,0.00000000000000e+000
1.28871871871872e+003	1.24974516280114e+000,0.00000000000000e+000
1.29371371371371e+003	1.25379626411489e+000,0.00000000000000e+000
1.29870870870871e+003	1.25783967243063e+000,0.00000000000000e+000
1.30370370370370e+003	1.26187538235231e+000,0.00000000000000e+000
1.30869869869870e+003	1.26590338865671e+000,0.00000000000000e+000
1.31369369369369e+003	1.26992368629272e+000,0.00000000000000e+000
1.31868868868869e+003	1.27393627038048e+000,0.00000000000000e+000
1.32368368368368e+003	1.27794113621065e+000,0.00000000000000e+000
1.32867867867868e+003	1.28193827924353e+000,0.00000000000000e+000
1.33367367367367e+003	1.28592769510829e+000,0.00000000000000e+000
1.33866866866867e+003	1.28990937960216e+000,0.00000000000000e+000
1.34366366366366e+003	1.29388332868958e+000,0.00000000000000e+000
1.34865865865866e+003	1.29784953850141e+000,0.00000000000000e+000
1.35365365365365e+003	1.30180800533409e+000,0.00000000000000e+000
1.35864864864865e+003	1.30575872564882e+000,0.00000000000000e+000
1.36364364364365e+003	1.30970169607069e+000,0.00000000000000e+000
1.36863863863864e+003	1.31363691338791e+000,0.00000000000000e+000
1.37363363363364e+003	1.31756437455089e+000,0.00000000000000e+000
1.37862862862863e+003	1.32148407667147e+000,0.00000000000000e+000
1.38362362362363e+003	1.32539601702203e+000,0.00000000000000e+000
1.38861861861862e+003	1.32930019303464e+000,0.00000000000000e+000
1.39361361361362e+003	1.33319660230025e+000,0.00000000000000e+000
1.39860860860861e+003	1.33708524256776e+000,0.00000000000000e+000
1.40360360360361e+003	1.34096611174324e+000,0.00000000000000e+000
1.40859859859860e+003	1.34483920788903e+000,0.00000000000000e+000
1.41359359359360e+003	1.34870452922286e+000,0.00000000000000e+000
1.41858858858859e+003	1.35256207411702e+000,0.00000000000000e+000
1.42358358358359e+003	1.35641184109749e+000,0.00000000000000e+000
1.42857857857858e+003	1.36025382884303e+000,0.00000000000000e+000
1.43357357357358e+003	1.36408803618434e+000,0.00000000000000e+000
1.43856856856857e+003	1.36791446210318e+000,0.00000000000000e+000
1.44356356356357e+003	1.37173310573151e+000,0.00000000000000e+000
1.44855855855856e+003	1.37554396635055e+000,0.00000000000000e+000
1.45355355355356e+003	1.37934704338998e+000,0.00000000000000e+000
1.45854854854855e+003	1.38314233642700e+000,0.00000000000000e+000
1.46354354354355e+003	1.38692984518545e+000,0.00000000000000e+000
1.46853853853854e+003	1.39070956953497e+000,0.00000000000000e+000
1.47353353353354e+003	1.39448150949005e+000,0.00000000000000e+000
1.47852852852853e+003	1.39824566520920e+000,0.00000000000000e+000
1.48352352352353e+003	1.40200203699399e+000,0.00000000000000e+000
1.48851851851852e+003	1.40575062528825e+000,0.00000000000000e+000
1.49351351351352e+003	1.40949143067707e+000,0.00000000000000e+000
1.49850850850851e+003	1.41322445388603e+000,0.00000000000000e+000
1.50350350350351e+003	1.41694969578016e+000,0.00000000000000e+000
1.50849849849850e+003	1.42066715736320e+000,0.00000000000000e+000
1.51349349349350e+003	1.42437683977657e+000,0.00000000000000e+000
1.51848848848849e+003	1.42807874429854e+000,0.00000000000000e+000
1.52348348348349e+003	1.43177287234335e+000,0.00000000000000e+000
1.52847847847848e+003	1.43545922546024e+000,0.00000000000000e+000
1.53347347347348e+003	1.43913780533263e+000,0.00000000000000e+000
1.53846846846847e+003	1.44280861377714e+000,0.00000000000000e+000
1.54346346346347e+003	1.44647165274278e+000,0.00000000000000e+000
1.54845845845846e+003	1.45012692430997e+000,0.00000000000000e+000
1.55345345345346e+003	1.45377443068968e+000,0.00000000000000e+000
1.55844844844845e+003	1.45741417422253e+000,0.00000000000000e+000
1.56344344344345e+003	1.46104615737786e+000,0.00000000000000e+000
1.56843843843844e+003	1.46467038275288e+000,0.00000000000000e+000
1.57343343343344e+003	1.46828685307172e+000,0.00000000000000e+000
1.57842842842843e+003	1.47189557118453e+000,0.00000000000000e+000
1.58342342342343e+003	1.47549654006664e+000,0.00000000000000e+000
1.58841841841842e+003	1.47908976281759e+000,0.00000000000000e+000
1.59341341341342e+003	1.48267524266026e+000,0.00000000000000e+000
1.59840840840841e+003	1.48625298293997e+000,0.00000000000000e+000
1.60340340340341e+003	1.48982298712357e+000,0.00000000000000e+000
1.60839839839840e+003	1.49338525879859e+000,0.00000000000000e+000
1.61339339339340e+003	1.49693980167224e+000,0.00000000000000e+000
1.61838838838839e+003	1.50048661957064e+000,0.00000000000000e+000
1.62338338338339e+003	1.50402571643781e+000,0.00000000000000e+000
1.62837837837838e+003	1.50755709633485e+000,0.00000000000000e+000
1.63337337337338e+003	1.51108076343901e+000,0.00000000000000e+000
1.63836836836837e+003	1.51459672204280e+000,0.00000000000000e+000
1.64336336336337e+003	1.51810497655313e+000,0.00000000000000e+000
1.64835835835836e+003	1.52160553149035e+000,0.00000000000000e+000
1.65335335335336e+003	1.52509839148742e+000,0.00000000000000e+000
1.65834834834835e+003	1.52858356128901e+000,0.00000000000000e+000
1.66334334334335e+003	1.53206104575057e+000,0.00000000000000e+000
1.66833833833834e+003	1.53553084983752e+000,0.00000000000000e+000
1.67333333333334e+003	1.53899297862427e+000,0.00000000000000e+000
1.67832832832833e+003	1.54244743729342e+000,0.00000000000000e+000
1.68332332332333e+003	1.54589423113482e+000,0.00000000000000e+000
1.68831831831832e+003	1.54933336554472e+000,0.00000000000000e+000
1.69331331331332e+003	1.55276484602488e+000,0.00000000000000e+000
1.69830830830831e+003	1.55618867818168e+000,0.00000000000000e+000
1.70330330330331e+003	1.55960486772527e+000,0.00000000000000e+000
1.70829829829830e+003	1.56301342046866e+000,0.00000000000000e+000
1.71329329329330e+003	1.56641434232688e+000,0.00000000000000e+000
1.71828828828829e+003	1.56980763931609e+000,0.00000000000000e+000
1.72328328328329e+003	1.57319331755273e+000,0.00000000000000e+000
1.72827827827828e+003	1.57657138325260e+000,0.00000000000000e+000
1.73327327327328e+003	1.57994184273007e+000,0.00000000000000e+000
1.73826826826828e+003	1.58330470239716e+000,0.00000000000000e+000
1.74326326326327e+003	1.58665996876269e+000,0.00000000000000e+000
1.74825825825827e+003	1.59000764843144e+000,0.00000000000000e+000
1.75325325325326e+003	1.59334774810326e+000,0.00000000000000e+000
1.75824824824826e+003	1.59668027457226e+000,0.00000000000000e+000
1.76324324324325e+003	1.60000523472589e+000,0.00000000000000e+000
1.76823823823825e+003	1.60332263554417e+000,0.00000000000000e+000
1.77323323323324e+003	1.60663248409877e+000,0.00000000000000e+000
1.77822822822824e+003	1.60993478755220e+000,0.00000000000000e+000
1.78322322322323e+003	1.61322955315698e+000,0.00000000000000e+000
1.78821821821823e+003	1.61651678825474e+000,0.00000000000000e+000
1.79321321321322e+003	1.61979650027546e+000,0.00000000000000e+000
1.79820820820822e+003	1.62306869673655e+000,0.00000000000000e+000
1.80320320320321e+003	1.62633338524210e+000,0.00000000000000e+000
1.80819819819821e+003	1.62959057348197e+000,0.00000000000000e+000
1.81319319319320e+003	1.63284026923102e+000,0.00000000000000e+000
1.81818818818820e+003	1.63608248034824e+000,0.00000000000000e+000
1.82318318318319e+003	1.63931721477598e+000,0.00000000000000e+000
1.82817817817819e+003	1.64254448053907e+000,0.00000000000000e+000
1.83317317317318e+003	1.64576428574403e+000,0.00000000000000e+000
1.83816816816818e+003	1.64897663857826e+000,0.00000000000000e+000
1.84316316316317e+003	1.65218154730921e+000,0.00000000000000e+000
1.84815815815817e+003	1.65537902028360e+000,0.00000000000000e+000
1.85315315315316e+003	1.65856906592658e+000,0.00000000000000e+000
1.85814814814816e+003	1.66175169274093e+000,0.00000000000000e+000
1.86314314314315e+003	1.66492690930627e+000,0.00000000000000e+000
1.86813813813815e+003	1.66809472427829e+000,0.00000000000000e+000
1.87313313313314e+003	1.67125514638790e+000,0.00000000000000e+000
1.87812812812814e+003	1.67440818444044e+000,0.00000000000000e+000
1.88312312312313e+003	1.67755384731496e+000,0.00000000000000e+000
1.88811811811813e+003	1.68069214396335e+000,0.00000000000000e+000
1.89311311311312e+003	1.68382308340962e+000,0.00000000000000e+000
1.89810810810812e+003	1.68694667474907e+000,0.00000000000000e+000
1.90310310310311e+003	1.69006292714757e+000,0.00000000000000e+000
1.90809809809811e+003	1.69317184984071e+000,0.00000000000000e+000
1.91309309309310e+003	1.69627345213311e+000,0.00000000000000e+000
1.91808808808810e+003	1.69936774339759e+000,0.00000000000000e+000
1.92308308308309e+003	1.70245473307447e+000,0.00000000000000e+000
1.92807807807809e+003	1.70553443067072e+000,0.00000000000000e+000
1.93307307307308e+003	1.70860684575929e+000,0.00000000000000e+000
1.93806806806808e+003	1.71167198797831e+000,0.00000000000000e+000
1.94306306306307e+003	1.71472986703035e+000,0.00000000000000e+000
1.94805805805807e+003	1.71778049268167e+000,0.00000000000000e+000
1.95305305305306e+003	1.72082387476147e+000,0.00000000000000e+000
1.95804804804806e+003	1.72386002316117e+000,0.00000000000000e+000
1.96304304304305e+003	1.72688894783364e+000,0.00000000000000e+000
1.96803803803805e+003	1.72991065879251e+000,0.00000000000000e+000
1.97303303303304e+003	1.73292516611140e+000,0.00000000000000e+000
1.97802802802804e+003	1.73593247992320e+000,0.00000000000000e+000
1.98302302302303e+003	1.73893261041937e+000,0.00000000000000e+000
1.98801801801803e+003	1.74192556784918e+000,0.00000000000000e+000
1.99301301301302e+003	1.74491136251905e+000,0.00000000000000e+000
1.99800800800802e+003	1.74789000479176e+000,0.00000000000000e+000
2.00300300300301e+003	1.75086150508582e+000,0.00000000000000e+000
2.00799799799801e+003	1.75382587387472e+000,0.00000000000000e+000
2.01299299299300e+003	1.75678312168621e+000,0.00000000000000e+000
2.01798798798800e+003	1.75973325910166e+000,0.00000000000000e+000
2.02298298298299e+003	1.76267629675531e+000,0.00000000000000e+000
2.02797797797799e+003	1.76561224533359e+000,0.00000000000000e+000
2.03297297297298e+003	1.76854111557446e+000,0.00000000000000e+000
2.03796796796798e+003	1.77146291826669e+000,0.00000000000000e+000
2.04296296296297e+003	1.77437766424919e+000,0.00000000000000e+000
2.04795795795797e+003	1.77728536441036e+000,0.00000000000000e+000
2.05295295295296e+003	1.78018602968735e+000,0.00000000000000e+000
2.05794794794796e+003	1.78307967106547e+000,0.00000000000000e+000
2.06294294294295e+003	1.78596629957747e+000,0.00000000000000e+000
2.06793793793795e+003	1.78884592630289e+000,0.00000000000000e+000
2.07293293293294e+003	1.79171856236739e+000,0.00000000000000e+000
2.07792792792794e+003	1.79458421894213e+000,0.00000000000000e+000
2.08292292292293e+003	1.79744290724307e+000,0.00000000000000e+000
2.08791791791793e+003	1.80029463853037e+000,0.00000000000000e+000
2.09291291291292e+003	1.80313942410771e+000,0.00000000000000e+000
2.09790790790792e+003	1.80597727532164e+000,0.00000000000000e+000
2.10290290290291e+003	1.80880820356099e+000,0.00000000000000e+000
2.10789789789791e+003	1.81163222025620e+000,0.00000000000000e+000
2.11289289289290e+003	1.81444933687869e+000,0.00000000000000e+000
2.11788788788790e+003	1.81725956494026e+000,0.00000000000000e+000
2.12288288288290e+003	1.82006291599242e+000,0.00000000000000e+000
2.12787787787789e+003	1.82285940162583e+000,0.00000000000000e+000
2.13287287287289e+003	1.82564903346963e+000,0.00000000000000e+000
2.13786786786788e+003	1.82843182319089e+000,0.00000000000000e+000
2.14286286286288e+003	1.83120778249393e+000,0.00000000000000e+000
2.14785785785787e+003	1.83397692311976e+000,0.00000000000000e+000
2.15285285285287e+003	1.83673925684549e+000,0.00000000000000e+000
2.15784784784786e+003	1.83949479548369e+000,0.00000000000000e+000
2.16284284284286e+003	1.84224355088184e+000,0.00000000000000e+000
2.16783783783785e+003	1.84498553492171e+000,0.00000000000000e+000
2.17283283283285e+003	1.84772075951881e+000,0.00000000000000e+000
2.17782782782784e+003	1.85044923662175e+000,0.00000000000000e+000
2.18282282282284e+003	1.85317097821172e+000,0.00000000000000e+000
2.18781781781783e+003	1.85588599630189e+000,0.00000000000000e+000
2.19281281281283e+003	1.85859430293685e+000,0.00000000000000e+000
2.19780780780782e+003	1.86129591019203e+000,0.00000000000000e+000
2.20280280280282e+003	1.86399083017312e+000,0.00000000000000e+000
2.20779779779781e+003	1.86667907501556e+000,0.00000000000000e+000
2.21279279279281e+003	1.86936065688395e+000,0.00000000000000e+000
2.21778778778780e+003	1.87203558797151e+000,0.00000000000000e+000
2.22278278278280e+003	1.87470388049951e+000,0.00000000000000e+000
2.22777777777779e+003	1.87736554671674e+000,0.00000000000000e+000
2.23277277277279e+003	1.88002059889899e+000,0.00000000000000e+000
2.23776776776778e+003	1.88266904934848e+000,0.00000000000000e+000
2.24276276276278e+003	1.88531091039335e+000,0.00000000000000e+000
2.24775775775777e+003	1.88794619438710e+000,0.00000000000000e+000
2.25275275275277e+003	1.89057491370809e+000,0.00000000000000e+000
2.25774774774776e+003	1.89319708075902e+000,0.00000000000000e+000
2.26274274274276e+003	1.89581270796638e+000,0.00000000000000e+000
2.26773773773775e+003	1.89842180777998e+000,0.00000000000000e+000
2.27273273273275e+003	1.90102439267240e+000,0.00000000000000e+000
2.27772772772774e+003	1.90362047513849e+000,0.00000000000000e+000
2.28272272272274e+003	1.90621006769488e+000,0.00000000000000e+000
2.28771771771773e+003	1.90879318287946e+000,0.00000000000000e+000
2.29271271271273e+003	1.91136983325089e+000,0.00000000000000e+000
2.29770770770772e+003	1.91394003138814e+000,0.00000000000000e+000
2.30270270270272e+003	1.91650378988994e+000,0.00000000000000e+000
2.30769769769771e+003	1.91906112137430e+000,0.00000000000000e+000
2.31269269269271e+003	1.92161203847811e+000,0.00000000000000e+000
2.31768768768770e+003	1.92415655385654e+000,0.00000000000000e+000
2.32268268268270e+003	1.92669468018266e+000,0.00000000000000e+000
2.32767767767769e+003	1.92922643014692e+000,0.00000000000000e+000
2.33267267267269e+003	1.93175181645670e+000,0.00000000000000e+000
2.33766766766768e+003	1.93427085183582e+000,0.00000000000000e+000
2.34266266266268e+003	1.93678354902412e+000,0.00000000000000e+000
2.34765765765767e+003	1.93928992077695e+000,0.00000000000000e+000
2.35265265265267e+003	1.94178997986478e+000,0.00000000000000e+000
2.35764764764766e+003	1.94428373907267e+000,0.00000000000000e+000
2.36264264264266e+003	1.94677121119990e+000,0.00000000000000e+000
2.36763763763765e+003	1.94925240905948e+000,0.00000000000000e+000
2.37263263263265e+003	1.95172734547772e+000,0.00000000000000e+000
2.37762762762764e+003	1.95419603329377e+000,0.00000000000000e+000
2.38262262262264e+003	1.95665848535926e+000,0.00000000000000e+000
2.38761761761763e+003	1.95911471453777e+000,0.00000000000000e+000
2.39261261261263e+003	1.96156473370447e+000,0.00000000000000e+000
2.39760760760762e+003	1.96400855574570e+000,0.00000000000000e+000
2.40260260260262e+003	1.96644619355849e+000,0.00000000000000e+000
2.40759759759761e+003	1.96887766005022e+000,0.00000000000000e+000
2.41259259259261e+003	1.97130296813813e+000,0.00000000000000e+000
2.41758758758760e+003	1.97372213074899e+000,0.00000000000000e+000
2.42258258258260e+003	1.97613516081863e+000,0.00000000000000e+000
2.42757757757759e+003	1.97854207129155e+000,0.00000000000000e+000
2.43257257257259e+003	1.98094287512056e+000,0.00000000000000e+000
2.43756756756758e+003	1.98333758526632e+000,0.00000000000000e+000
2.44256256256258e+003	1.98572621469701e+000,0.00000000000000e+000
2.44755755755757e+003	1.98810877638790e+000,0.00000000000000e+000
2.45255255255257e+003	1.99048528332096e+000,0.00000000000000e+000
2.45754754754756e+003	1.99285574848450e+000,0.00000000000000e+000
2.46254254254256e+003	1.99522018487280e+000,0.00000000000000e+000
2.46753753753755e+003	1.99757860548568e+000,0.00000000000000e+000
2.47253253253255e+003	1.99993102332819e+000,0.00000000000000e+000
2.47752752752754e+003	2.00227745141019e+000,0.00000000000000e+000
2.48252252252254e+003	2.00461790274601e+000,0.00000000000000e+000
2.48751751751754e+003	2.00695239035409e+000,0.00000000000000e+000
2.49251251251253e+003	2.00928092725658e+000,0.00000000000000e+000
2.49750750750753e+003	2.01160352647904e+000,0.00000000000000e+000
2.50250250250252e+003	2.01392020105004e+000,0.00000000000000e+000
2.50749749749752e+003	2.01623096400084e+000,0.00000000000000e+000
2.51249249249251e+003	2.01853582836501e+000,0.00000000000000e+000
2.51748748748751e+003	2.02083480717812e+000,0.00000000000000e+000
2.52248248248250e+003	2.02312791347737e+000,0.00000000000000e+000
2.52747747747750e+003	2.02541516030125e+000,0.00000000000000e+000
2.53247247247249e+003	2.02769656068924e+000,0.00000000000000e+000
2.53746746746749e+003	2.02997212768144e+000,0.00000000000000e+000
2.54246246246248e+003	2.03224187431826e+000,0.00000000000000e+000
2.54745745745748e+003	2.03450581364008e+000,0.00000000000000e+000
2.55245245245247e+003	2.03676395868694e+000,0.00000000000000e+000
2.55744744744747e+003	2.03901632249822e+000,0.00000000000000e+000
2.56244244244246e+003	2.04126291811228e+000,0.00000000000000e+000
2.56743743743746e+003	2.04350375856624e+000,0.00000000000000e+000
2.57243243243245e+003	2.04573885689555e+000,0.00000000000000e+000
2.57742742742745e+003	2.04796822613379e+000,0.00000000000000e+000
2.58242242242244e+003	2.05019187931229e+000,0.00000000000000e+000
2.58741741741744e+003	2.05240982945984e+000,0.00000000000000e+000
2.59241241241243e+003	2.05462208960244e+000,0.00000000000000e+000
2.59740740740743e+003	2.05682867276293e+000,0.00000000000000e+000
2.60240240240242e+003	2.05902959196077e+000,0.00000000000000e+000
2.60739739739742e+003	2.06122486021165e+000,0.00000000000000e+000
2.61239239239241e+003	2.06341449052734e+000,0.00000000000000e+000
2.61738738738741e+003	2.06559849591525e+000,0.00000000000000e+000
2.62238238238240e+003	2.06777688937827e+000,0.00000000000000e+000
2.62737737737740e+003	2.06994968391445e+000,0.00000000000000e+000
2.63237237237239e+003	2.07211689251667e+000,0.00000000000000e+000
2.63736736736739e+003	2.07427852817247e+000,0.00000000000000e+000
2.64236236236238e+003	2.07643460386367e+000,0.00000000000000e+000
2.64735735735738e+003	2.07858513256618e+000,0.00000000000000e+000
2.65235235235237e+003	2.08073012724970e+000,0.00000000000000e+000
2.65734734734737e+003	2.08286960087745e+000,0.00000000000000e+000
2.66234234234236e+003	2.08500356640596e+000,0.00000000000000e+000
2.66733733733736e+003	2.08713203678471e+000,0.00000000000000e+000
2.67233233233235e+003	2.08925502495599e+000,0.00000000000000e+000
2.67732732732735e+003	2.09137254385457e+000,0.00000000000000e+000
2.68232232232234e+003	2.09348460640749e+000,0.00000000000000e+000
2.68731731731734e+003	2.09559122553378e+000,0.00000000000000e+000
2.69231231231233e+003	2.09769241414425e+000,0.00000000000000e+000
2.69730730730733e+003	2.09978818514121e+000,0.00000000000000e+000
2.70230230230232e+003	2.10187855141828e+000,0.00000000000000e+000
2.70729729729732e+003	2.10396352586008e+000,0.00000000000000e+000
2.71229229229231e+003	2.10604312134208e+000,0.00000000000000e+000
2.71728728728731e+003	2.10811735073030e+000,0.00000000000000e+000
2.72228228228230e+003	2.11018622688113e+000,0.00000000000000e+000
2.72727727727730e+003	2.11224976264104e+000,0.00000000000000e+000
2.73227227227229e+003	2.11430797084645e+000,0.00000000000000e+000
2.73726726726729e+003	2.11636086432341e+000,0.00000000000000e+000
2.74226226226228e+003	2.11840845588743e+000,0.00000000000000e+000
2.74725725725728e+003	2.12045075834327e+000,0.00000000000000e+000
2.75225225225227e+003	2.12248778448471e+000,0.00000000000000e+000
2.75724724724727e+003	2.12451954709432e+000,0.00000000000000e+000
2.76224224224226e+003	2.12654605894329e+000,0.00000000000000e+000
2.76723723723726e+003	2.12856733279119e+000,0.00000000000000e+000
2.77223223223225e+003	2.13058338138577e+000,0.00000000000000e+000
2.77722722722725e+003	2.13259421746279e+000,0.00000000000000e+000
2.78222222222224e+003	2.13459985374576e+000,0.00000000000000e+000
2.78721721721724e+003	2.13660030294579e+000,0.00000000000000e+000
2.79221221221223e+003	2.13859557776137e+000,0.00000000000000e+000
2.79720720720723e+003	2.14058569087821e+000,0.00000000000000e+000
2.80220220220222e+003	2.14257065496899e+000,0.00000000000000e+000
2.80719719719722e+003	2.14455048269320e+000,0.00000000000000e+000
2.81219219219221e+003	2.14652518669700e+000,0.00000000000000e+000
2.81718718718721e+003	2.14849477961295e+000,0.00000000000000e+000
2.82218218218220e+003	2.15045927405990e+000,0.00000000000000e+000
2.82717717717720e+003	2.15241868264276e+000,0.00000000000000e+000
2.83217217217219e+003	2.15437301795234e+000,0.00000000000000e+000
2.83716716716719e+003	2.15632229256518e+000,0.00000000000000e+000
2.84216216216218e+003	2.15826651904339e+000,0.00000000000000e+000
2.84715715715718e+003	2.16020570993444e+000,0.00000000000000e+000
2.85215215215217e+003	2.16213987777101e+000,0.00000000000000e+000
2.85714714714717e+003	2.16406903507082e+000,0.00000000000000e+000
2.86214214214217e+003	2.16599319433650e+000,0.00000000000000e+000
2.86713713713716e+003	2.16791236805536e+000,0.00000000000000e+000
2.87213213213216e+003	2.16982656869927e+000,0.00000000000000e+000
2.87712712712715e+003	2.17173580872451e+000,0.00000000000000e+000
2.88212212212215e+003	2.17364010057159e+000,0.00000000000000e+000
2.88711711711714e+003	2.17553945666509e+000,0.00000000000000e+000
2.89211211211214e+003	2.17743388941354e+000,0.00000000000000e+000
2.89710710710713e+003	2.17932341120923e+000,0.00000000000000e+000
2.90210210210213e+003	2.18120803442811e+000,0.00000000000000e+000
2.90709709709712e+003	2.18308777142957e+000,0.00000000000000e+000
2.91209209209212e+003	2.18496263455636e+000,0.00000000000000e+000
2.91708708708711e+003	2.18683263613445e+000,0.00000000000000e+000
2.92208208208211e+003	2.18869778847281e+000,0.00000000000000e+000
2.92707707707710e+003	2.19055810386337e+000,0.00000000000000e+000
2.93207207207210e+003	2.19241359458080e+000,0.00000000000000e+000
2.93706706706709e+003	2.19426427288245e+000,0.00000000000000e+000
2.94206206206209e+003	2.19611015100814e+000,0.00000000000000e+000
2.94705705705708e+003	2.19795124118010e+000,0.00000000000000e+000
2.95205205205208e+003	2.19978755560277e+000,0.00000000000000e+000
2.95704704704707e+003	2.20161910646274e+000,0.00000000000000e+000
2.96204204204207e+003	2.20344590592855e+000,0.00000000000000e+000
2.96703703703706e+003	2.20526796615068e+000,0.00000000000000e+000
2.97203203203206e+003	2.20708529926126e+000,0.00000000000000e+000
2.97702702702705e+003	2.20889791737412e+000,0.00000000000000e+000
2.98202202202205e+003	2.21070583258455e+000,0.00000000000000e+000
2.98701701701704e+003	2.21250905696924e+000,0.00000000000000e+000
2.99201201201204e+003	2.21430760258616e+000,0.00000000000000e+000
2.99700700700703e+003	2.21610148147442e+000,0.00000000000000e+000
3.00200200200203e+003	2.21789070565418e+000,0.00000000000000e+000
3.00699699699702e+003	2.21967528712654e+000,0.00000000000000e+000
3.01199199199202e+003	2.22145523787343e+000,0.00000000000000e+000
3.01698698698701e+003	2.22323056985747e+000,0.00000000000000e+000
3.02198198198201e+003	2.22500129502193e+000,0.00000000000000e+000
3.02697697697700e+003	2.22676742529054e+000,0.00000000000000e+000
3.03197197197200e+003	2.22852897256750e+000,0.00000000000000e+000
3.03696696696699e+003	2.23028594873724e+000,0.00000000000000e+000
3.04196196196199e+003	2.23203836566446e+000,0.00000000000000e+000
3.04695695695698e+003	2.23378623519394e+000,0.00000000000000e+000
3.05195195195198e+003	2.23552956915047e+000,0.00000000000000e+000
3.05694694694697e+003	2.23726837933877e+000,0.00000000000000e+000
3.06194194194197e+003	2.23900267754336e+000,0.00000000000000e+000
3.06693693693696e+003	2.24073247552854e+000,0.00000000000000e+000
3.07193193193196e+003	2.24245778503822e+000,0.00000000000000e+000
3.07692692692695e+003	2.24417861779586e+000,0.00000000000000e+000
3.08192192192195e+003	2.24589498550440e+000,0.00000000000000e+000
3.08691691691694e+003	2.24760689984619e+000,0.00000000000000e+000
3.09191191191194e+003	2.24931437248284e+000,0.00000000000000e+000
3.09690690690693e+003	2.25101741505519e+000,0.00000000000000e+000
3.10190190190193e+003	2.25271603918323e+000,0.00000000000000e+000
3.10689689689692e+003	2.25441025646599e+000,0.00000000000000e+000
3.11189189189192e+003	2.25610007848150e+000,0.00000000000000e+000
3.11688688688691e+003	2.25778551678667e+000,0.00000000000000e+000
3.12188188188191e+003	2.25946658291727e+000,0.00000000000000e+000
3.12687687687690e+003	2.26114328838777e+000,0.00000000000000e+000
3.13187187187190e+003	2.26281564469138e+000,0.00000000000000e+000
3.13686686686689e+003	2.26448366329988e+000,0.00000000000000e+000
3.14186186186189e+003	2.26614735566363e+000,0.00000000000000e+000
3.14685685685688e+003	2.26780673321141e+000,0.00000000000000e+000
3.15185185185188e+003	2.26946180735046e+000,0.00000000000000e+000
3.15684684684687e+003	2.27111258946631e+000,0.00000000000000e+000
3.16184184184187e+003	2.27275909092281e+000,0.00000000000000e+000
3.16683683683686e+003	2.27440132306199e+000,0.00000000000000e+000
3.17183183183186e+003	2.27603929720405e+000,0.00000000000000e+000
3.17682682682685e+003	2.27767302464728e+000,0.00000000000000e+000
3.18182182182185e+003	2.27930251666799e+000,0.00000000000000e+000
3.18681681681684e+003	2.28092778452045e+000,0.00000000000000e+000
3.19181181181184e+003	2.28254883943689e+000,0.00000000000000e+000
3.19680680680683e+003	2.28416569262737e+000,0.00000000000000e+000
3.20180180180183e+003	2.28577835527975e+000,0.00000000000000e+000
3.20679679679682e+003	2.28738683855966e+000,0.00000000000000e+000
3.21179179179182e+003	2.28899115361042e+000,0.00000000000000e+000
3.21678678678681e+003	2.29059131155302e+000,0.00000000000000e+000
3.22178178178181e+003	2.29218732348604e+000,0.00000000000000e+000
3.22677677677681e+003	2.29377920048559e+000,0.00000000000000e+000
3.23177177177180e+003	2.29536695360533e+000,0.00000000000000e+000
3.23676676676680e+003	2.29695059387636e+000,0.00000000000000e+000
3.24176176176179e+003	2.29853013230717e+000,0.00000000000000e+000
3.24675675675679e+003	2.30010557988366e+000,0.00000000000000e+000
3.25175175175178e+003	2.30167694756904e+000,0.00000000000000e+000
3.25674674674678e+003	2.30324424630380e+000,0.00000000000000e+000
3.26174174174177e+003	2.30480748700571e+000,0.00000000000000e+000
3.26673673673677e+003	2.30636668056969e+000,0.00000000000000e+000
3.27173173173176e+003	2.30792183786788e+000,0.00000000000000e+000
3.27672672672676e+003	2.30947296974954e+000,0.00000000000000e+000
3.28172172172175e+003	2.31102008704101e+000,0.00000000000000e+000
3.28671671671675e+003	2.31256320054569e+000,0.00000000000000e+000
3.29171171171174e+003	2.31410232104403e+000,0.00000000000000e+000
3.29670670670674e+003	2.31563745929345e+000,0.00000000000000e+000
3.30170170170173e+003	2.31716862602834e+000,0.00000000000000e+000
3.30669669669673e+003	2.31869583196002e+000,0.00000000000000e+000
3.31169169169172e+003	2.32021908777672e+000,0.00000000000000e+000
3.31668668668672e+003	2.32173840414352e+000,0.00000000000000e+000
3.32168168168171e+003	2.32325379170234e+000,0.00000000000000e+000
3.32667667667671e+003	2.32476526107195e+000,0.00000000000000e+000
3.33167167167170e+003	2.32627282284788e+000,0.00000000000000e+000
3.33666666666670e+003	2.32777648760243e+000,0.00000000000000e+000
3.34166166166169e+003	2.32927626588464e+000,0.00000000000000e+000
3.34665665665669e+003	2.33077216822028e+000,0.00000000000000e+000
3.35165165165168e+003	2.33226420511179e+000,0.00000000000000e+000
3.35664664664668e+003	2.33375238703831e+000,0.00000000000000e+000
3.36164164164167e+003	2.33523672445561e+000,0.00000000000000e+000
3.36663663663667e+003	2.33671722779609e+000,0.00000000000000e+000
3.37163163163166e+003	2.33819390746878e+000,0.00000000000000e+000
3.37662662662666e+003	2.33966677385930e+000,0.00000000000000e+000
3.38162162162165e+003	2.34113583732986e+000,0.00000000000000e+000
3.38661661661665e+003	2.34260110821920e+000,0.00000000000000e+000
3.39161161161164e+003	2.34406259684263e+000,0.00000000000000e+000
3.39660660660664e+003	2.34552031349199e+000,0.00000000000000e+000
3.40160160160163e+003	2.34697426843564e+000,0.00000000000000e+000
3.40659659659663e+003	2.34842447191844e+000,0.00000000000000e+000
3.41159159159162e+003	2.34987093416174e+000,0.00000000000000e+000
3.41658658658662e+003	2.35131366536339e+000,0.00000000000000e+000
3.42158158158161e+003	2.35275267569769e+000,0.00000000000000e+000
3.42657657657661e+003	2.35418797531541e+000,0.00000000000000e+000
3.43157157157160e+003	2.35561957434379e+000,0.00000000000000e+000
3.43656656656660e+003	2.35704748288648e+000,0.00000000000000e+000
3.44156156156159e+003	2.35847171102360e+000,0.00000000000000e+000
3.44655655655659e+003	2.35989226881169e+000,0.00000000000000e+000
3.45155155155158e+003	2.36130916628371e+000,0.00000000000000e+000
3.45654654654658e+003	2.36272241344904e+000,0.00000000000000e+000
3.46154154154157e+003	2.36413202029349e+000,0.00000000000000e+000
3.46653653653657e+003	2.36553799677926e+000,0.00000000000000e+000
3.47153153153156e+003	2.36694035284498e+000,0.00000000000000e+000
3.47652652652656e+003	2.36833909840567e+000,0.00000000000000e+000
3.48152152152155e+003	2.36973424335278e+000,0.00000000000000e+000
3.48651651651655e+003	2.37112579755413e+000,0.00000000000000e+000
3.49151151151154e+003	2.37251377085397e+000,0.00000000000000e+000
3.49650650650654e+003	2.37389817307295e+000,0.00000000000000e+000
3.50150150150153e+003	2.37527901400813e+000,0.00000000000000e+000
3.50649649649653e+003	2.37665630343296e+000,0.00000000000000e+000
3.51149149149152e+003	2.37803005109732e+000,0.00000000000000e+000
3.51648648648652e+003	2.37940026672750e+000,0.00000000000000e+000
3.52148148148151e+003	2.38076696002620e+000,0.00000000000000e+000
3.52647647647651e+003	2.38213014067255e+000,0.00000000000000e+000
3.53147147147150e+003	2.38348981832211e+000,0.00000000000000e+000
3.53646646646650e+003	2.38484600260685e+000,0.00000000000000e+000
3.54146146146149e+003	2.38619870313523e+000,0.00000000000000e+000
3.54645645645649e+003	2.38754792949208e+000,0.00000000000000e+000
3.55145145145148e+003	2.38889369123877e+000,0.00000000000000e+000
3.55644644644648e+003	2.39023599791307e+000,0.00000000000000e+000
3.56144144144147e+003	2.39157485902924e+000,0.00000000000000e+000
3.56643643643647e+003	2.39291028407803e+000,0.00000000000000e+000
3.57143143143146e+003	2.39424228252666e+000,0.00000000000000e+000
3.57642642642646e+003	2.39557086381888e+000,0.00000000000000e+000
3.58142142142145e+003	2.39689603737492e+000,0.00000000000000e+000
3.58641641641645e+003	2.39821781259155e+000,0.00000000000000e+000
3.59141141141145e+003	2.39953619884208e+000,0.00000000000000e+000
3.59640640640644e+003	2.40085120547636e+000,0.00000000000000e+000
3.60140140140144e+003	2.40216284182079e+000,0.00000000000000e+000
3.60639639639643e+003	2.40347111717838e+000,0.00000000000000e+000
3.61139139139143e+003	2.40477604082870e+000,0.00000000000000e+000
3.61638638638642e+003	2.40607762202791e+000,0.00000000000000e+000
3.62138138138142e+003	2.40737587000884e+000,0.00000000000000e+000
3.62637637637641e+003	2.40867079398090e+000,0.00000000000000e+000
3.63137137137141e+003	2.40996240313020e+000,0.00000000000000e+000
3.63636636636640e+003	2.41125070661948e+000,0.00000000000000e+000
3.64136136136140e+003	2.41253571358820e+000,0.00000000000000e+000
3.64635635635639e+003	2.41381743315249e+000,0.00000000000000e+000
3.65135135135139e+003	2.41509587440523e+000,0.00000000000000e+000
3.65634634634638e+003	2.41637104641602e+000,0.00000000000000e+000
3.66134134134138e+003	2.41764295823122e+000,0.00000000000000e+000
3.66633633633637e+003	2.41891161887400e+000,0.00000000000000e+000
3.67133133133137e+003	2.42017703734428e+000,0.00000000000000e+000
3.67632632632636e+003	2.42143922261884e+000,0.00000000000000e+000
3.68132132132136e+003	2.42269818365130e+000,0.00000000000000e+000
3.68631631631635e+003	2.42395392937209e+000,0.00000000000000e+000
3.69131131131135e+003	2.42520646868860e+000,0.00000000000000e+000
3.69630630630634e+003	2.42645581048508e+000,0.00000000000000e+000
3.70130130130134e+003	2.42770196362271e+000,0.00000000000000e+000
3.70629629629633e+003	2.42894493693964e+000,0.00000000000000e+000
3.71129129129133e+003	2.43018473925098e+000,0.00000000000000e+000
3.71628628628632e+003	2.43142137934885e+000,0.00000000000000e+000
3.72128128128132e+003	2.43265486600240e+000,0.00000000000000e+000
3.72627627627631e+003	2.43388520795780e+000,0.00000000000000e+000
3.73127127127131e+003	2.43511241393832e+000,0.00000000000000e+000
3.73626626626630e+003	2.43633649264432e+000,0.00000000000000e+000
3.74126126126130e+003	2.43755745275330e+000,0.00000000000000e+000
3.74625625625629e+003	2.43877530291989e+000,0.00000000000000e+000
3.75125125125129e+003	2.43999005177589e+000,0.00000000000000e+000
3.75624624624628e+003	2.44120170793034e+000,0.00000000000000e+000
3.76124124124128e+003	2.44241027996949e+000,0.00000000000000e+000
3.76623623623627e+003	2.44361577645685e+000,0.00000000000000e+000
3.77123123123127e+003	2.44481820593321e+000,0.00000000000000e+000
3.77622622622626e+003	2.44601757691670e+000,0.00000000000000e+000
3.78122122122126e+003	2.44721389790277e+000,0.00000000000000e+000
3.78621621621625e+003	2.44840717736426e+000,0.00000000000000e+000
3.79121121121125e+003	2.44959742375141e+000,0.00000000000000e+000
3.79620620620624e+003	2.45078464549188e+000,0.00000000000000e+000
3.80120120120124e+003	2.45196885099081e+000,0.00000000000000e+000
3.80619619619623e+003	2.45315004863082e+000,0.00000000000000e+000
3.81119119119123e+003	2.45432824677207e+000,0.00000000000000e+000
3.81618618618622e+003	2.45550345375226e+000,0.00000000000000e+000
3.82118118118122e+003	2.45667567788667e+000,0.00000000000000e+000
3.82617617617621e+003	2.45784492746821e+000,0.00000000000000e+000
3.83117117117121e+003	2.45901121076745e+000,0.00000000000000e+000
3.83616616616620e+003	2.46017453603262e+000,0.00000000000000e+000
3.84116116116120e+003	2.46133491148966e+000,0.00000000000000e+000
3.84615615615619e+003	2.46249234534229e+000,0.00000000000000e+000
3.85115115115119e+003	2.46364684577196e+000,0.00000000000000e+000
3.85614614614618e+003	2.46479842093797e+000,0.00000000000000e+000
3.86114114114118e+003	2.46594707897745e+000,0.00000000000000e+000
3.86613613613617e+003	2.46709282800542e+000,0.00000000000000e+000
3.87113113113117e+003	2.46823567611482e+000,0.00000000000000e+000
3.87612612612616e+003	2.46937563137650e+000,0.00000000000000e+000
3.88112112112116e+003	2.47051270183934e+000,0.00000000000000e+000
3.88611611611615e+003	2.47164689553020e+000,0.00000000000000e+000
3.89111111111115e+003	2.47277822045400e+000,0.00000000000000e+000
3.89610610610614e+003	2.47390668459378e+000,0.00000000000000e+000
3.90110110110114e+003	2.47503229591066e+000,0.00000000000000e+000
3.90609609609613e+003	2.47615506234393e+000,0.00000000000000e+000
3.91109109109113e+003	2.47727499181109e+000,0.00000000000000e+000
3.91608608608612e+003	2.47839209220786e+000,0.00000000000000e+000
3.92108108108112e+003	2.47950637140822e+000,0.00000000000000e+000
3.92607607607611e+003	2.48061783726446e+000,0.00000000000000e+000
3.93107107107111e+003	2.48172649760722e+000,0.00000000000000e+000
3.93606606606610e+003	2.48283236024552e+000,0.00000000000000e+000
3.94106106106110e+003	2.48393543296675e+000,0.00000000000000e+000
3.94605605605609e+003	2.48503572353680e+000,0.00000000000000e+000
3.95105105105109e+003	2.48613323970004e+000,0.00000000000000e+000
3.95604604604608e+003	2.48722798917936e+000,0.00000000000000e+000
3.96104104104108e+003	2.48831997967622e+000,0.00000000000000e+000
3.96603603603608e+003	2.48940921887066e+000,0.00000000000000e+000
3.97103103103107e+003	2.49049571442141e+000,0.00000000000000e+000
3.97602602602607e+003	2.49157947396584e+000,0.00000000000000e+000
3.98102102102106e+003	2.49266050512004e+000,0.00000000000000e+000
3.98601601601606e+003	2.49373881547889e+000,0.00000000000000e+000
3.99101101101105e+003	2.49481441261604e+000,0.00000000000000e+000
3.99600600600605e+003	2.49588730408400e+000,0.00000000000000e+000
4.00100100100104e+003	2.49695749741412e+000,0.00000000000000e+000
4.00599599599604e+003	2.49802500011668e+000,0.00000000000000e+000
4.01099099099103e+003	2.49908981968095e+000,0.00000000000000e+000
4.01598598598603e+003	2.50015196357514e+000,0.00000000000000e+000
4.02098098098102e+003	2.50121143924653e+000,0.00000000000000e+000
4.02597597597602e+003	2.50226825412147e+000,0.00000000000000e+000
4.03097097097101e+003	2.50332241560542e+000,0.00000000000000e+000
4.03596596596601e+003	2.50437393108301e+000,0.00000000000000e+000
4.04096096096100e+003	2.50542280791803e+000,0.00000000000000e+000
4.04595595595600e+003	2.50646905345357e+000,0.00000000000000e+000
4.05095095095099e+003	2.50751267501193e+000,0.00000000000000e+000
4.05594594594599e+003	2.50855367989478e+000,0.00000000000000e+000
4.06094094094098e+003	2.50959207538313e+000,0.00000000000000e+000
4.06593593593598e+003	2.51062786873740e+000,0.00000000000000e+000
4.07093093093097e+003	2.51166106719744e+000,0.00000000000000e+000
4.07592592592597e+003	2.51269167798260e+000,0.00000000000000e+000
4.08092092092096e+003	2.51371970829175e+000,0.00000000000000e+000
4.08591591591596e+003	2.51474516530333e+000,0.00000000000000e+000
4.09091091091095e+003	2.51576805617539e+000,0.00000000000000e+000
4.09590590590595e+003	2.51678838804563e+000,0.00000000000000e+000
4.10090090090094e+003	2.51780616803147e+000,0.00000000000000e+000
4.10589589589594e+003	2.51882140323001e+000,0.00000000000000e+000
4.11089089089093e+003	2.51983410071818e+000,0.00000000000000e+000
4.11588588588593e+003	2.52084426755273e+000,0.00000000000000e+000
4.12088088088092e+003	2.52185191077022e+000,0.00000000000000e+000
4.12587587587592e+003	2.52285703738721e+000,0.00000000000000e+000
4.13087087087091e+003	2.52385965440012e+000,0.00000000000000e+000
4.13586586586591e+003	2.52485976878541e+000,0.00000000000000e+000
4.14086086086090e+003	2.52585738749956e+000,0.00000000000000e+000
4.14585585585590e+003	2.52685251747913e+000,0.00000000000000e+000
4.15085085085089e+003	2.52784516564082e+000,0.00000000000000e+000
4.15584584584589e+003	2.52883533888146e+000,0.00000000000000e+000
4.16084084084088e+003	2.52982304407812e+000,0.00000000000000e+000
4.16583583583588e+003	2.53080828808809e+000,0.00000000000000e+000
4.17083083083087e+003	2.53179107774899e+000,0.00000000000000e+000
4.17582582582587e+003	2.53277141987874e+000,0.00000000000000e+000
4.18082082082086e+003	2.53374932127569e+000,0.00000000000000e+000
4.18581581581586e+003	2.53472478871856e+000,0.00000000000000e+000
4.19081081081085e+003	2.53569782896657e+000,0.00000000000000e+000
4.19580580580585e+003	2.53666844875945e+000,0.00000000000000e+000
4.20080080080084e+003	2.53763665481748e+000,0.00000000000000e+000
4.20579579579584e+003	2.53860245384154e+000,0.00000000000000e+000
4.21079079079083e+003	2.53956585251317e+000,0.00000000000000e+000
4.21578578578583e+003	2.54052685749459e+000,0.00000000000000e+000
4.22078078078082e+003	2.54148547542872e+000,0.00000000000000e+000
4.22577577577582e+003	2.54244171293930e+000,0.00000000000000e+000
4.23077077077081e+003	2.54339557663087e+000,0.00000000000000e+000
4.23576576576581e+003	2.54434707308884e+000,0.00000000000000e+000
4.24076076076080e+003	2.54529620887952e+000,0.00000000000000e+000
4.24575575575580e+003	2.54624299055018e+000,0.00000000000000e+000
4.25075075075079e+003	2.54718742462910e+000,0.00000000000000e+000
4.25574574574579e+003	2.54812951762556e+000,0.00000000000000e+000
4.26074074074078e+003	2.54906927602997e+000,0.00000000000000e+000
4.26573573573578e+003	2.55000670631385e+000,0.00000000000000e+000
4.27073073073077e+003	2.55094181492989e+000,0.00000000000000e+000
4.27572572572577e+003	2.55187460831202e+000,0.00000000000000e+000
4.28072072072076e+003	2.55280509287540e+000,0.00000000000000e+000
4.28571571571576e+003	2.55373327501653e+000,0.00000000000000e+000
4.29071071071075e+003	2.55465916111326e+000,0.00000000000000e+000
4.29570570570575e+003	2.55558275752480e+000,0.00000000000000e+000
4.30070070070074e+003	2.55650407059186e+000,0.00000000000000e+000
4.30569569569574e+003	2.55742310663658e+000,0.00000000000000e+000
4.31069069069073e+003	2.55833987196267e+000,0.00000000000000e+000
4.31568568568573e+003	2.55925437285539e+000,0.00000000000000e+000
4.32068068068072e+003	2.56016661558165e+000,0.00000000000000e+000
4.32567567567572e+003	2.56107660639000e+000,0.00000000000000e+000
4.33067067067071e+003	2.56198435151070e+000,0.00000000000000e+000
4.33566566566571e+003	2.56288985715579e+000,0.00000000000000e+000
4.34066066066070e+003	2.56379312951907e+000,0.00000000000000e+000
4.34565565565570e+003	2.56469417477623e+000,0.00000000000000e+000
4.35065065065069e+003	2.56559299908480e+000,0.00000000000000e+000
4.35564564564569e+003	2.56648960858428e+000,0.00000000000000e+000
4.36064064064069e+003	2.56738400939613e+000,0.00000000000000e+000
4.36563563563568e+003	2.56827620762385e+000,0.00000000000000e+000
4.37063063063068e+003	2.56916620935300e+000,0.00000000000000e+000
4.37562562562567e+003	2.57005402065124e+000,0.00000000000000e+000
4.38062062062067e+003	2.57093964756839e+000,0.00000000000000e+000
4.38561561561566e+003	2.57182309613649e+000,0.00000000000000e+000
4.39061061061066e+003	2.57270437236983e+000,0.00000000000000e+000
4.39560560560565e+003	2.57358348226495e+000,0.00000000000000e+000
4.40060060060065e+003	2.57446043180078e+000,0.00000000000000e+000
4.40559559559564e+003	2.57533522693858e+000,0.00000000000000e+000
4.41059059059064e+003	2.57620787362210e+000,0.00000000000000e+000
4.41558558558563e+003	2.57707837777749e+000,0.00000000000000e+000
4.42058058058063e+003	2.57794674531345e+000,0.00000000000000e+000
4.42557557557562e+003	2.57881298212126e+000,0.00000000000000e+000
4.43057057057062e+003	2.57967709407476e+000,0.00000000000000e+000
4.43556556556561e+003	2.58053908703047e+000,0.00000000000000e+000
4.44056056056061e+003	2.58139896682761e+000,0.00000000000000e+000
4.44555555555560e+003	2.58225673928812e+000,0.00000000000000e+000
4.45055055055060e+003	2.58311241021671e+000,0.00000000000000e+000
4.45554554554559e+003	2.58396598540096e+000,0.00000000000000e+000
4.46054054054059e+003	2.58481747061128e+000,0.00000000000000e+000
4.46553553553558e+003	2.58566687160104e+000,0.00000000000000e+000
4.47053053053058e+003	2.58651419410652e+000,0.00000000000000e+000
4.47552552552557e+003	2.58735944384707e+000,0.00000000000000e+000
4.48052052052057e+003	2.58820262652502e+000,0.00000000000000e+000
4.48551551551556e+003	2.58904374782585e+000,0.00000000000000e+000
4.49051051051056e+003	2.58988281341815e+000,0.00000000000000e+000
4.49550550550555e+003	2.59071982895371e+000,0.00000000000000e+000
4.50050050050055e+003	2.59155480006754e+000,0.00000000000000e+000
4.50549549549554e+003	2.59238773237793e+000,0.00000000000000e+000
4.51049049049054e+003	2.59321863148648e+000,0.00000000000000e+000
4.51548548548553e+003	2.59404750297814e+000,0.00000000000000e+000
4.52048048048053e+003	2.59487435242129e+000,0.00000000000000e+000
4.52547547547552e+003	2.59569918536774e+000,0.00000000000000e+000
4.53047047047052e+003	2.59652200735282e+000,0.00000000000000e+000
4.53546546546551e+003	2.59734282389536e+000,0.00000000000000e+000
4.54046046046051e+003	2.59816164049780e+000,0.00000000000000e+000
4.54545545545550e+003	2.59897846264620e+000,0.00000000000000e+000
4.55045045045050e+003	2.59979329581028e+000,0.00000000000000e+000
4.55544544544549e+003	2.60060614544349e+000,0.00000000000000e+000
4.56044044044049e+003	2.60141701698302e+000,0.00000000000000e+000
4.56543543543548e+003	2.60222591584988e+000,0.00000000000000e+000
4.57043043043048e+003	2.60303284744892e+000,0.00000000000000e+000
4.57542542542547e+003	2.60383781716887e+000,0.00000000000000e+000
4.58042042042047e+003	2.60464083038239e+000,0.00000000000000e+000
4.58541541541546e+003	2.60544189244615e+000,0.00000000000000e+000
4.59041041041046e+003	2.60624100870080e+000,0.00000000000000e+000
4.59540540540545e+003	2.60703818447108e+000,0.00000000000000e+000
4.60040040040045e+003	2.60783342506583e+000,0.00000000000000e+000
4.60539539539544e+003	2.60862673577804e+000,0.00000000000000e+000
4.61039039039044e+003	2.60941812188490e+000,0.00000000000000e+000
4.61538538538543e+003	2.61020758864783e+000,0.00000000000000e+000
4.62038038038043e+003	2.61099514131253e+000,0.00000000000000e+000
4.62537537537542e+003	2.61178078510903e+000,0.00000000000000e+000
4.63037037037042e+003	2.61256452525175e+000,0.00000000000000e+000
4.63536536536541e+003	2.61334636693947e+000,0.00000000000000e+000
4.64036036036041e+003	2.61412631535548e+000,0.00000000000000e+000
4.64535535535540e+003	2.61490437566752e+000,0.00000000000000e+000
4.65035035035040e+003	2.61568055302791e+000,0.00000000000000e+000
4.65534534534539e+003	2.61645485257352e+000,0.00000000000000e+000
4.66034034034039e+003	2.61722727942588e+000,0.00000000000000e+000
4.66533533533538e+003	2.61799783869116e+000,0.00000000000000e+000
4.67033033033038e+003	2.61876653546026e+000,0.00000000000000e+000
4.67532532532537e+003	2.61953337480882e+000,0.00000000000000e+000
4.68032032032037e+003	2.62029836179730e+000,0.00000000000000e+000
4.68531531531536e+003	2.62106150147097e+000,0.00000000000000e+000
4.69031031031036e+003	2.62182279886001e+000,0.00000000000000e+000
4.69530530530535e+003	2.62258225897951e+000,0.00000000000000e+000
4.70030030030035e+003	2.62333988682955e+000,0.00000000000000e+000
4.70529529529534e+003	2.62409568739518e+000,0.00000000000000e+000
4.71029029029034e+003	2.62484966564653e+000,0.00000000000000e+000
4.71528528528533e+003	2.62560182653883e+000,0.00000000000000e+000
4.72028028028033e+003	2.62635217501242e+000,0.00000000000000e+000
4.72527527527532e+003	2.62710071599285e+000,0.00000000000000e+000
4.73027027027032e+003	2.62784745439088e+000,0.00000000000000e+000
4.73526526526532e+003	2.62859239510250e+000,0.00000000000000e+000
4.74026026026031e+003	2.62933554300907e+000,0.00000000000000e+000
4.74525525525531e+003	2.63007690297724e+000,0.00000000000000e+000
4.75025025025030e+003	2.63081647985907e+000,0.00000000000000e+000
4.75524524524530e+003	2.63155427849206e+000,0.00000000000000e+000
4.76024024024029e+003	2.63229030369916e+000,0.00000000000000e+000
4.76523523523529e+003	2.63302456028886e+000,0.00000000000000e+000
4.77023023023028e+003	2.63375705305518e+000,0.00000000000000e+000
4.77522522522528e+003	2.63448778677774e+000,0.00000000000000e+000
4.78022022022027e+003	2.63521676622183e+000,0.00000000000000e+000
4.78521521521527e+003	2.63594399613836e+000,0.00000000000000e+000
4.79021021021026e+003	2.63666948126402e+000,0.00000000000000e+000
4.79520520520526e+003	2.63739322632122e+000,0.00000000000000e+000
4.80020020020025e+003	2.63811523601820e+000,0.00000000000000e+000
4.80519519519525e+003	2.63883551504902e+000,0.00000000000000e+000
4.81019019019024e+003	2.63955406809364e+000,0.00000000000000e+000
4.81518518518524e+003	2.64027089981795e+000,0.00000000000000e+000
4.82018018018023e+003	2.64098601487379e+000,0.00000000000000e+000
4.82517517517523e+003	2.64169941789901e+000,0.00000000000000e+000
4.83017017017022e+003	2.64241111351752e+000,0.00000000000000e+000
4.83516516516522e+003	2.64312110633931e+000,0.00000000000000e+000
4.84016016016021e+003	2.64382940096049e+000,0.00000000000000e+000
4.84515515515521e+003	2.64453600196335e+000,0.00000000000000e+000
4.85015015015020e+003	2.64524091391638e+000,0.00000000000000e+000
4.85514514514520e+003	2.64594414137435e+000,0.00000000000000e+000
4.86014014014019e+003	2.64664568887828e+000,0.00000000000000e+000
4.86513513513519e+003	2.64734556095554e+000,0.00000000000000e+000
4.87013013013018e+003	2.64804376211985e+000,0.00000000000000e+000
4.87512512512518e+003	2.64874029687138e+000,0.00000000000000e+000
4.88012012012017e+003	2.64943516969671e+000,0.00000000000000e+000
4.88511511511517e+003	2.65012838506892e+000,0.00000000000000e+000
4.89011011011016e+003	2.65081994744764e+000,0.00000000000000e+000
4.89510510510516e+003	2.65150986127904e+000,0.00000000000000e+000
4.90010010010015e+003	2.65219813099591e+000,0.00000000000000e+000
4.90509509509515e+003	2.65288476101771e+000,0.00000000000000e+000
4.91009009009014e+003	2.65356975575053e+000,0.00000000000000e+000
4.91508508508514e+003	2.65425311958725e+000,0.00000000000000e+000
4.92008008008013e+003	2.65493485690749e+000,0.00000000000000e+000
4.92507507507513e+003	2.65561497207763e+000,0.00000000000000e+000
4.93007007007012e+003	2.65629346945099e+000,0.00000000000000e+000
4.93506506506512e+003	2.65697035336770e+000,0.00000000000000e+000
4.94006006006011e+003	2.65764562815482e+000,0.00000000000000e+000
4.94505505505511e+003	2.65831929812640e+000,0.00000000000000e+000
4.95005005005010e+003	2.65899136758346e+000,0.00000000000000e+000
4.95504504504510e+003	2.65966184081408e+000,0.00000000000000e+000
4.96004004004009e+003	2.66033072209339e+000,0.00000000000000e+000
4.96503503503509e+003	2.66099801568367e+000,0.00000000000000e+000
4.97003003003008e+003	2.66166372583432e+000,0.00000000000000e+000
4.97502502502508e+003	2.66232785678195e+000,0.00000000000000e+000
4.98002002002007e+003	2.66299041275042e+000,0.00000000000000e+000
4.98501501501507e+003	2.66365139795080e+000,0.00000000000000e+000
4.99001001001006e+003	2.66431081658152e+000,0.00000000000000e+000
4.99500500500506e+003	2.66496867282834e+000,0.00000000000000e+000
5.00000000000000e+003	2.66562497086437e+000,0.00000000000000e+000
