0.000000000000000e+000	0.000000e+000	0.000000e+000	0.000000e+000
1.000000000000000e-009	5.000000e+000	2.500410e-007	-5.000000e-004
7.590087010828230e-005	5.000000e+000	3.776433e-002	-4.962236e-004
1.518007402165646e-004	5.000000e+000	7.518195e-002	-4.924818e-004
2.277006103248469e-004	5.000000e+000	1.122531e-001	-4.887747e-004
3.036004804331292e-004	5.000000e+000	1.489778e-001	-4.851022e-004
3.795003505414115e-004	5.000000e+000	1.853560e-001	-4.814644e-004
4.554002206496938e-004	5.000000e+000	2.213877e-001	-4.778612e-004
5.313000907579760e-004	5.000000e+000	2.570730e-001	-4.742927e-004
1.062599197349899e-003	5.000000e+000	5.006173e-001	-4.499383e-004
1.648536697349899e-003	5.000000e+000	7.564002e-001	-4.243600e-004
2.234474197349899e-003	5.000000e+000	9.979714e-001	-4.002029e-004
2.820411697349899e-003	5.000000e+000	1.225791e+000	-3.774209e-004
3.406349197349899e-003	5.000000e+000	1.440641e+000	-3.559359e-004
3.992286697349900e-003	5.000000e+000	1.643261e+000	-3.356739e-004
4.578224197349899e-003	5.000000e+000	1.834347e+000	-3.165653e-004
5.164161697349899e-003	5.000000e+000	2.014555e+000	-2.985445e-004
6.336036697349898e-003	5.000000e+000	2.344779e+000	-2.655220e-004
7.507911697349897e-003	5.000000e+000	2.638477e+000	-2.361523e-004
8.679786697349897e-003	5.000000e+000	2.899688e+000	-2.100311e-004
9.851661697349896e-003	5.000000e+000	3.132007e+000	-1.867993e-004
1.102353669734990e-002	5.000000e+000	3.338628e+000	-1.661372e-004
1.219541169734990e-002	5.000000e+000	3.522395e+000	-1.477605e-004
1.336728669734989e-002	5.000000e+000	3.685835e+000	-1.314165e-004
1.453916169734989e-002	5.000000e+000	3.831197e+000	-1.168803e-004
1.571103669734989e-002	5.000000e+000	3.960480e+000	-1.039520e-004
1.688291169734990e-002	5.000000e+000	4.075462e+000	-9.245375e-005
1.805478669734990e-002	5.000000e+000	4.177727e+000	-8.222731e-005
1.922666169734990e-002	5.000000e+000	4.268680e+000	-7.313203e-005
2.039853669734991e-002	5.000000e+000	4.349572e+000	-6.504279e-005
2.157041169734991e-002	5.000000e+000	4.421517e+000	-5.784832e-005
2.274228669734991e-002	5.000000e+000	4.485504e+000	-5.144963e-005
2.391416169734991e-002	5.000000e+000	4.542413e+000	-4.575872e-005
2.508603669734992e-002	5.000000e+000	4.593027e+000	-4.069728e-005
2.625791169734992e-002	5.000000e+000	4.638043e+000	-3.619570e-005
2.742978669734992e-002	5.000000e+000	4.678080e+000	-3.219204e-005
2.860166169734993e-002	5.000000e+000	4.713688e+000	-2.863123e-005
2.977353669734993e-002	5.000000e+000	4.745357e+000	-2.546429e-005
3.094541169734993e-002	5.000000e+000	4.773523e+000	-2.264765e-005
3.211728669734993e-002	5.000000e+000	4.798574e+000	-2.014256e-005
3.328916169734993e-002	5.000000e+000	4.820854e+000	-1.791456e-005
3.446103669734994e-002	5.000000e+000	4.840670e+000	-1.593301e-005
3.563291169734994e-002	5.000000e+000	4.858294e+000	-1.417063e-005
3.680478669734994e-002	5.000000e+000	4.873968e+000	-1.260320e-005
3.797666169734994e-002	5.000000e+000	4.887908e+000	-1.120914e-005
3.914853669734995e-002	5.000000e+000	4.900307e+000	-9.969282e-006
4.032041169734995e-002	5.000000e+000	4.911334e+000	-8.866567e-006
4.149228669734995e-002	5.000000e+000	4.921142e+000	-7.885823e-006
4.266416169734996e-002	5.000000e+000	4.929864e+000	-7.013561e-006
4.383603669734996e-002	5.000000e+000	4.937622e+000	-6.237781e-006
4.500791169734996e-002	5.000000e+000	4.944522e+000	-5.547811e-006
4.617978669734996e-002	5.000000e+000	4.950658e+000	-4.934160e-006
4.735166169734997e-002	5.000000e+000	4.956116e+000	-4.388385e-006
4.852353669734997e-002	5.000000e+000	4.960970e+000	-3.902980e-006
4.969541169734997e-002	5.000000e+000	4.965287e+000	-3.471266e-006
5.086728669734997e-002	5.000000e+000	4.969127e+000	-3.087304e-006
5.203916169734998e-002	5.000000e+000	4.972542e+000	-2.745813e-006
5.321103669734998e-002	5.000000e+000	4.975579e+000	-2.442095e-006
5.438291169734998e-002	5.000000e+000	4.978280e+000	-2.171971e-006
5.555478669734999e-002	5.000000e+000	4.980683e+000	-1.931726e-006
5.672666169734999e-002	5.000000e+000	4.982820e+000	-1.718055e-006
5.789853669734999e-002	5.000000e+000	4.984720e+000	-1.528019e-006
5.907041169734999e-002	5.000000e+000	4.986410e+000	-1.359002e-006
6.024228669735000e-002	5.000000e+000	4.987913e+000	-1.208681e-006
6.141416169735000e-002	5.000000e+000	4.989250e+000	-1.074987e-006
6.317197419734999e-002	5.000000e+000	4.990983e+000	-9.016555e-007
6.492978669734997e-002	5.000000e+000	4.992437e+000	-7.562719e-007
6.668759919734996e-002	5.000000e+000	4.993657e+000	-6.343300e-007
6.844541169734994e-002	5.000000e+000	4.994679e+000	-5.320502e-007
7.020322419734992e-002	5.000000e+000	4.995537e+000	-4.462620e-007
7.196103669734991e-002	5.000000e+000	4.996257e+000	-3.743064e-007
7.371884919734989e-002	5.000000e+000	4.996861e+000	-3.139529e-007
7.547666169734987e-002	5.000000e+000	4.997366e+000	-2.633309e-007
7.723447419734986e-002	5.000000e+000	4.997791e+000	-2.208713e-007
7.874117062592127e-002	5.000000e+000	4.998088e+000	-1.911860e-007
8.024786705449269e-002	5.000000e+000	4.998355e+000	-1.645404e-007
8.175456348306411e-002	5.000000e+000	4.998591e+000	-1.409344e-007
8.326125991163552e-002	5.000000e+000	4.998796e+000	-1.203680e-007
8.476795634020692e-002	5.000000e+000	4.998972e+000	-1.028412e-007
8.627465276877834e-002	5.000000e+000	4.999116e+000	-8.835406e-008
8.778134919734976e-002	5.000000e+000	4.999231e+000	-7.690652e-008
8.952687088344265e-002	5.000000e+000	4.999348e+000	-6.523678e-008
9.127239256953554e-002	5.000000e+000	4.999451e+000	-5.487264e-008
9.301791425562844e-002	5.000000e+000	4.999542e+000	-4.581410e-008
9.476343594172133e-002	5.000000e+000	4.999619e+000	-3.806115e-008
9.650895762781422e-002	5.000000e+000	4.999684e+000	-3.161381e-008
9.825447931390711e-002	5.000000e+000	4.999735e+000	-2.647206e-008
1.000000010000000e-001	5.000000e+000	4.999774e+000	-2.263590e-008
1.000000020000000e-001	0.000000e+000	4.999774e+000	4.999773e-004
1.009329253727086e-001	0.000000e+000	4.563434e+000	4.563434e-004
1.018658487454171e-001	0.000000e+000	4.158455e+000	4.158455e-004
1.027987721181257e-001	0.000000e+000	3.784836e+000	3.784836e-004
1.037316954908343e-001	0.000000e+000	3.442577e+000	3.442577e-004
1.046646188635428e-001	0.000000e+000	3.131678e+000	3.131678e-004
1.055975422362514e-001	0.000000e+000	2.852139e+000	2.852139e-004
1.065304656089599e-001	0.000000e+000	2.603961e+000	2.603960e-004
1.077023406089599e-001	0.000000e+000	2.315933e+000	2.315933e-004
1.088742156089599e-001	0.000000e+000	2.059764e+000	2.059764e-004
1.100460906089599e-001	0.000000e+000	1.831931e+000	1.831931e-004
1.112179656089599e-001	0.000000e+000	1.629298e+000	1.629298e-004
1.123898406089599e-001	0.000000e+000	1.449079e+000	1.449079e-004
1.135617156089599e-001	0.000000e+000	1.288795e+000	1.288794e-004
1.147335906089599e-001	0.000000e+000	1.146239e+000	1.146239e-004
1.159054656089599e-001	0.000000e+000	1.019452e+000	1.019452e-004
1.170773406089598e-001	0.000000e+000	9.066889e-001	9.066889e-005
1.182492156089598e-001	0.000000e+000	8.063988e-001	8.063987e-005
1.194210906089598e-001	0.000000e+000	7.172019e-001	7.172019e-005
1.205929656089598e-001	0.000000e+000	6.378711e-001	6.378712e-005
1.217648406089598e-001	0.000000e+000	5.673153e-001	5.673153e-005
1.229367156089598e-001	0.000000e+000	5.045637e-001	5.045638e-005
1.241085906089598e-001	0.000000e+000	4.487532e-001	4.487533e-005
1.252804656089598e-001	0.000000e+000	3.991160e-001	3.991160e-005
1.264523406089598e-001	0.000000e+000	3.549692e-001	3.549692e-005
1.276242156089598e-001	0.000000e+000	3.157056e-001	3.157056e-005
1.287960906089598e-001	0.000000e+000	2.807849e-001	2.807849e-005
1.299679656089597e-001	0.000000e+000	2.497269e-001	2.497269e-005
1.311398406089597e-001	0.000000e+000	2.221043e-001	2.221043e-005
1.323117156089597e-001	0.000000e+000	1.975370e-001	1.975370e-005
1.334835906089597e-001	0.000000e+000	1.756871e-001	1.756871e-005
1.346554656089597e-001	0.000000e+000	1.562541e-001	1.562541e-005
1.358273406089597e-001	0.000000e+000	1.389706e-001	1.389706e-005
1.369992156089597e-001	0.000000e+000	1.235989e-001	1.235989e-005
1.381710906089597e-001	0.000000e+000	1.099275e-001	1.099275e-005
1.393429656089597e-001	0.000000e+000	9.776822e-002	9.776822e-006
1.405148406089596e-001	0.000000e+000	8.695394e-002	8.695394e-006
1.416867156089596e-001	0.000000e+000	7.733584e-002	7.733584e-006
1.428585906089596e-001	0.000000e+000	6.878161e-002	6.878161e-006
1.440304656089596e-001	0.000000e+000	6.117358e-002	6.117358e-006
1.452023406089596e-001	0.000000e+000	5.440708e-002	5.440708e-006
1.463742156089596e-001	0.000000e+000	4.838904e-002	4.838904e-006
1.475460906089596e-001	0.000000e+000	4.303666e-002	4.303666e-006
1.487179656089596e-001	0.000000e+000	3.827631e-002	3.827631e-006
1.498898406089596e-001	0.000000e+000	3.404251e-002	3.404251e-006
1.510617156089595e-001	0.000000e+000	3.027702e-002	3.027702e-006
1.522335906089595e-001	0.000000e+000	2.692804e-002	2.692804e-006
1.534054656089595e-001	0.000000e+000	2.394949e-002	2.394949e-006
1.545773406089595e-001	0.000000e+000	2.130040e-002	2.130040e-006
1.557492156089595e-001	0.000000e+000	1.894434e-002	1.894434e-006
1.569210906089595e-001	0.000000e+000	1.684888e-002	1.684888e-006
1.580929656089595e-001	0.000000e+000	1.498520e-002	1.498520e-006
1.592648406089595e-001	0.000000e+000	1.332766e-002	1.332766e-006
1.604367156089595e-001	0.000000e+000	1.185347e-002	1.185347e-006
1.616085906089594e-001	0.000000e+000	1.054234e-002	1.054234e-006
1.633664031089594e-001	0.000000e+000	8.842487e-003	8.842487e-007
1.651242156089594e-001	0.000000e+000	7.416718e-003	7.416718e-007
1.668820281089594e-001	0.000000e+000	6.220841e-003	6.220840e-007
1.686398406089594e-001	0.000000e+000	5.217788e-003	5.217788e-007
1.703976531089594e-001	0.000000e+000	4.376467e-003	4.376467e-007
1.721554656089593e-001	0.000000e+000	3.670803e-003	3.670802e-007
1.739132781089593e-001	0.000000e+000	3.078920e-003	3.078920e-007
1.756710906089593e-001	0.000000e+000	2.582472e-003	2.582472e-007
1.774289031089593e-001	0.000000e+000	2.166073e-003	2.166072e-007
1.789355995375307e-001	0.000000e+000	1.874951e-003	1.874951e-007
1.804422959661021e-001	0.000000e+000	1.613639e-003	1.613639e-007
1.819489923946735e-001	0.000000e+000	1.382136e-003	1.382136e-007
1.834556888232450e-001	0.000000e+000	1.180442e-003	1.180442e-007
1.849623852518164e-001	0.000000e+000	1.008558e-003	1.008558e-007
1.864690816803878e-001	0.000000e+000	8.664835e-004	8.664835e-008
1.879757781089592e-001	0.000000e+000	7.542181e-004	7.542181e-008
1.896935240933936e-001	0.000000e+000	6.409913e-004	6.409913e-008
1.914112700778280e-001	0.000000e+000	5.403700e-004	5.403700e-008
1.931290160622624e-001	0.000000e+000	4.523542e-004	4.523541e-008
1.948467620466968e-001	0.000000e+000	3.769438e-004	3.769438e-008
1.965645080311312e-001	0.000000e+000	3.141389e-004	3.141389e-008
1.982822540155656e-001	0.000000e+000	2.639395e-004	2.639395e-008
2.000000000000000e-001	0.000000e+000	2.263456e-004	2.263456e-008
2.000000010000000e-001	5.000000e+000	2.265980e-004	-4.999773e-004
2.000958707942353e-001	5.000000e+000	4.784097e-002	-4.952159e-004
2.001917405884705e-001	5.000000e+000	9.492981e-002	-4.905070e-004
2.002876103827058e-001	5.000000e+000	1.414931e-001	-4.858507e-004
2.003834801769410e-001	5.000000e+000	1.875309e-001	-4.812469e-004
2.004793499711763e-001	5.000000e+000	2.330431e-001	-4.766957e-004
2.005752197654115e-001	5.000000e+000	2.780298e-001	-4.721970e-004
2.006710895596468e-001	5.000000e+000	3.224910e-001	-4.677509e-004
2.012570270596468e-001	5.000000e+000	5.871167e-001	-4.412883e-004
2.018429645596468e-001	5.000000e+000	8.383245e-001	-4.161675e-004
2.024289020596468e-001	5.000000e+000	1.075232e+000	-3.924768e-004
2.030148395596468e-001	5.000000e+000	1.298653e+000	-3.701347e-004
2.036007770596468e-001	5.000000e+000	1.509356e+000	-3.490644e-004
2.041867145596468e-001	5.000000e+000	1.708065e+000	-3.291935e-004
2.047726520596468e-001	5.000000e+000	1.895461e+000	-3.104539e-004
2.059445270596468e-001	5.000000e+000	2.238859e+000	-2.761141e-004
2.071164020596467e-001	5.000000e+000	2.544272e+000	-2.455727e-004
2.082882770596467e-001	5.000000e+000	2.815904e+000	-2.184096e-004
2.094601520596467e-001	5.000000e+000	3.057490e+000	-1.942510e-004
2.106320270596467e-001	5.000000e+000	3.272354e+000	-1.727646e-004
2.118039020596467e-001	5.000000e+000	3.463451e+000	-1.536549e-004
2.129757770596467e-001	5.000000e+000	3.633411e+000	-1.366589e-004
2.141476520596467e-001	5.000000e+000	3.784571e+000	-1.215429e-004
2.153195270596467e-001	5.000000e+000	3.919012e+000	-1.080988e-004
2.164914020596467e-001	5.000000e+000	4.038581e+000	-9.614187e-005
2.176632770596466e-001	5.000000e+000	4.144925e+000	-8.550748e-005
2.188351520596466e-001	5.000000e+000	4.239506e+000	-7.604937e-005
2.200070270596466e-001	5.000000e+000	4.323626e+000	-6.763745e-005
2.211789020596466e-001	5.000000e+000	4.398440e+000	-6.015597e-005
2.223507770596466e-001	5.000000e+000	4.464980e+000	-5.350203e-005
2.235226520596466e-001	5.000000e+000	4.524159e+000	-4.758410e-005
2.246945270596466e-001	5.000000e+000	4.576792e+000	-4.232075e-005
2.258664020596466e-001	5.000000e+000	4.623604e+000	-3.763959e-005
2.270382770596466e-001	5.000000e+000	4.665238e+000	-3.347623e-005
2.282101520596465e-001	5.000000e+000	4.702266e+000	-2.977337e-005
2.293820270596465e-001	5.000000e+000	4.735199e+000	-2.648010e-005
2.305539020596465e-001	5.000000e+000	4.764489e+000	-2.355110e-005
2.317257770596465e-001	5.000000e+000	4.790539e+000	-2.094608e-005
2.328976520596465e-001	5.000000e+000	4.813708e+000	-1.862920e-005
2.340695270596465e-001	5.000000e+000	4.834314e+000	-1.656860e-005
2.352414020596465e-001	5.000000e+000	4.852641e+000	-1.473592e-005
2.364132770596465e-001	5.000000e+000	4.868940e+000	-1.310596e-005
2.375851520596465e-001	5.000000e+000	4.883437e+000	-1.165629e-005
2.387570270596464e-001	5.000000e+000	4.896330e+000	-1.036697e-005
2.399289020596464e-001	5.000000e+000	4.907797e+000	-9.220266e-006
2.411007770596464e-001	5.000000e+000	4.917996e+000	-8.200400e-006
2.422726520596464e-001	5.000000e+000	4.927067e+000	-7.293342e-006
2.434445270596464e-001	5.000000e+000	4.935134e+000	-6.486615e-006
2.446164020596464e-001	5.000000e+000	4.942309e+000	-5.769121e-006
2.457882770596464e-001	5.000000e+000	4.948690e+000	-5.130991e-006
2.469601520596464e-001	5.000000e+000	4.954366e+000	-4.563445e-006
2.481320270596464e-001	5.000000e+000	4.959413e+000	-4.058676e-006
2.493039020596463e-001	5.000000e+000	4.963902e+000	-3.609739e-006
2.504757770596464e-001	5.000000e+000	4.967896e+000	-3.210461e-006
2.516476520596464e-001	5.000000e+000	4.971447e+000	-2.855347e-006
2.528195270596464e-001	5.000000e+000	4.974605e+000	-2.539513e-006
2.539914020596465e-001	5.000000e+000	4.977414e+000	-2.258614e-006
2.551632770596465e-001	5.000000e+000	4.979912e+000	-2.008786e-006
2.563351520596466e-001	5.000000e+000	4.982134e+000	-1.786591e-006
2.575070270596466e-001	5.000000e+000	4.984110e+000	-1.588974e-006
2.586789020596467e-001	5.000000e+000	4.985868e+000	-1.413215e-006
2.598507770596467e-001	5.000000e+000	4.987431e+000	-1.256897e-006
2.610226520596468e-001	5.000000e+000	4.988822e+000	-1.117870e-006
2.627804645596468e-001	5.000000e+000	4.990623e+000	-9.376239e-007
2.645382770596469e-001	5.000000e+000	4.992136e+000	-7.864407e-007
2.662960895596470e-001	5.000000e+000	4.993403e+000	-6.596344e-007
2.680539020596470e-001	5.000000e+000	4.994467e+000	-5.532744e-007
2.698117145596471e-001	5.000000e+000	4.995359e+000	-4.640641e-007
2.715695270596472e-001	5.000000e+000	4.996108e+000	-3.892380e-007
2.733273395596472e-001	5.000000e+000	4.996735e+000	-3.264770e-007
2.750851520596473e-001	5.000000e+000	4.997262e+000	-2.738356e-007
2.768429645596474e-001	5.000000e+000	4.997703e+000	-2.296821e-007
2.783496609882188e-001	5.000000e+000	4.998012e+000	-1.988127e-007
2.798563574167903e-001	5.000000e+000	4.998289e+000	-1.711041e-007
2.813630538453618e-001	5.000000e+000	4.998534e+000	-1.465565e-007
2.828697502739333e-001	5.000000e+000	4.998748e+000	-1.251696e-007
2.843764467025048e-001	5.000000e+000	4.998931e+000	-1.069437e-007
2.858831431310763e-001	5.000000e+000	4.999081e+000	-9.187863e-008
2.873898395596478e-001	5.000000e+000	4.999200e+000	-7.997443e-008
2.891912911939838e-001	5.000000e+000	4.999325e+000	-6.748463e-008
2.909927428283198e-001	5.000000e+000	4.999436e+000	-5.642763e-008
2.927941944626559e-001	5.000000e+000	4.999532e+000	-4.680343e-008
2.945956460969919e-001	5.000000e+000	4.999614e+000	-3.861202e-008
2.963970977313279e-001	5.000000e+000	4.999681e+000	-3.185340e-008
2.981985493656640e-001	5.000000e+000	4.999735e+000	-2.652758e-008
3.000000010000000e-001	5.000000e+000	4.999774e+000	-2.263455e-008
3.000000020000000e-001	1.414097e-007	4.999774e+000	4.999773e-004
3.009329253630029e-001	7.448744e-008	4.563434e+000	4.563434e-004
3.018658487260059e-001	2.313884e-008	4.158455e+000	4.158455e-004
3.027987720890088e-001	-1.263616e-008	3.784836e+000	3.784836e-004
3.037316954520117e-001	-3.283754e-008	3.442577e+000	3.442577e-004
3.046646188150147e-001	-3.746530e-008	3.131678e+000	3.131678e-004
3.055975421780176e-001	-2.651946e-008	2.852139e+000	2.852139e-004
3.065304655410205e-001	0.000000e+000	2.603961e+000	2.603960e-004
3.077023405410206e-001	0.000000e+000	2.315933e+000	2.315933e-004
3.088742155410206e-001	0.000000e+000	2.059764e+000	2.059764e-004
3.100460905410207e-001	0.000000e+000	1.831931e+000	1.831931e-004
3.112179655410207e-001	0.000000e+000	1.629298e+000	1.629298e-004
3.123898405410208e-001	0.000000e+000	1.449079e+000	1.449079e-004
3.135617155410208e-001	0.000000e+000	1.288795e+000	1.288795e-004
3.147335905410209e-001	0.000000e+000	1.146239e+000	1.146239e-004
3.159054655410209e-001	0.000000e+000	1.019452e+000	1.019452e-004
3.170773405410209e-001	0.000000e+000	9.066889e-001	9.066889e-005
3.182492155410210e-001	0.000000e+000	8.063988e-001	8.063988e-005
3.194210905410210e-001	0.000000e+000	7.172019e-001	7.172019e-005
3.205929655410211e-001	0.000000e+000	6.378711e-001	6.378712e-005
3.217648405410211e-001	0.000000e+000	5.673153e-001	5.673153e-005
3.229367155410212e-001	0.000000e+000	5.045638e-001	5.045638e-005
3.241085905410212e-001	0.000000e+000	4.487533e-001	4.487533e-005
3.252804655410213e-001	0.000000e+000	3.991160e-001	3.991160e-005
3.264523405410213e-001	0.000000e+000	3.549692e-001	3.549692e-005
3.276242155410213e-001	0.000000e+000	3.157056e-001	3.157056e-005
3.287960905410214e-001	0.000000e+000	2.807849e-001	2.807849e-005
3.299679655410214e-001	0.000000e+000	2.497269e-001	2.497269e-005
3.311398405410215e-001	0.000000e+000	2.221043e-001	2.221043e-005
3.323117155410215e-001	0.000000e+000	1.975370e-001	1.975370e-005
3.334835905410216e-001	0.000000e+000	1.756871e-001	1.756871e-005
3.346554655410216e-001	0.000000e+000	1.562541e-001	1.562541e-005
3.358273405410217e-001	0.000000e+000	1.389706e-001	1.389706e-005
3.369992155410217e-001	0.000000e+000	1.235989e-001	1.235989e-005
3.381710905410217e-001	0.000000e+000	1.099275e-001	1.099275e-005
3.393429655410218e-001	0.000000e+000	9.776822e-002	9.776822e-006
3.405148405410218e-001	0.000000e+000	8.695394e-002	8.695394e-006
3.416867155410219e-001	0.000000e+000	7.733584e-002	7.733584e-006
3.428585905410219e-001	0.000000e+000	6.878161e-002	6.878161e-006
3.440304655410220e-001	0.000000e+000	6.117358e-002	6.117358e-006
3.452023405410220e-001	0.000000e+000	5.440709e-002	5.440709e-006
3.463742155410221e-001	0.000000e+000	4.838904e-002	4.838904e-006
3.475460905410221e-001	0.000000e+000	4.303666e-002	4.303666e-006
3.487179655410221e-001	0.000000e+000	3.827631e-002	3.827631e-006
3.498898405410222e-001	0.000000e+000	3.404251e-002	3.404251e-006
3.510617155410222e-001	0.000000e+000	3.027702e-002	3.027702e-006
3.522335905410223e-001	0.000000e+000	2.692804e-002	2.692804e-006
3.534054655410223e-001	0.000000e+000	2.394949e-002	2.394949e-006
3.545773405410224e-001	0.000000e+000	2.130040e-002	2.130040e-006
3.557492155410224e-001	0.000000e+000	1.894434e-002	1.894434e-006
3.569210905410225e-001	0.000000e+000	1.684888e-002	1.684888e-006
3.580929655410225e-001	0.000000e+000	1.498520e-002	1.498520e-006
3.592648405410225e-001	0.000000e+000	1.332766e-002	1.332766e-006
3.604367155410226e-001	0.000000e+000	1.185347e-002	1.185347e-006
3.616085905410226e-001	0.000000e+000	1.054234e-002	1.054234e-006
3.633664030410227e-001	0.000000e+000	8.842487e-003	8.842487e-007
3.651242155410228e-001	0.000000e+000	7.416718e-003	7.416718e-007
3.668820280410228e-001	0.000000e+000	6.220841e-003	6.220841e-007
3.686398405410229e-001	0.000000e+000	5.217788e-003	5.217788e-007
3.703976530410230e-001	0.000000e+000	4.376467e-003	4.376467e-007
3.721554655410230e-001	0.000000e+000	3.670803e-003	3.670802e-007
3.739132780410231e-001	0.000000e+000	3.078920e-003	3.078920e-007
3.756710905410232e-001	0.000000e+000	2.582472e-003	2.582472e-007
3.774289030410232e-001	0.000000e+000	2.166073e-003	2.166073e-007
3.789355994695947e-001	0.000000e+000	1.874951e-003	1.874951e-007
3.804422958981662e-001	0.000000e+000	1.613639e-003	1.613639e-007
3.819489923267377e-001	0.000000e+000	1.382136e-003	1.382136e-007
3.834556887553092e-001	0.000000e+000	1.180442e-003	1.180442e-007
3.849623851838807e-001	0.000000e+000	1.008558e-003	1.008558e-007
3.864690816124521e-001	0.000000e+000	8.664835e-004	8.664835e-008
3.879757780410236e-001	0.000000e+000	7.542181e-004	7.542181e-008
3.896935240351631e-001	0.000000e+000	6.409913e-004	6.409913e-008
3.914112700293026e-001	0.000000e+000	5.403700e-004	5.403700e-008
3.931290160234421e-001	0.000000e+000	4.523542e-004	4.523542e-008
3.948467620175816e-001	0.000000e+000	3.769438e-004	3.769438e-008
3.965645080117211e-001	0.000000e+000	3.141389e-004	3.141389e-008
3.982822540058605e-001	0.000000e+000	2.639395e-004	2.639395e-008
4.000000000000000e-001	0.000000e+000	2.263456e-004	2.263456e-008
4.000000010000001e-001	5.000000e+000	2.265980e-004	-4.999773e-004
4.000958707968962e-001	5.000000e+000	4.784097e-002	-4.952159e-004
4.001917405937924e-001	5.000000e+000	9.492981e-002	-4.905070e-004
4.002876103906886e-001	5.000000e+000	1.414931e-001	-4.858507e-004
4.003834801875847e-001	5.000000e+000	1.875309e-001	-4.812469e-004
4.004793499844809e-001	5.000000e+000	2.330431e-001	-4.766957e-004
4.005752197813771e-001	5.000000e+000	2.780298e-001	-4.721970e-004
4.006710895782733e-001	5.000000e+000	3.224910e-001	-4.677509e-004
4.012570270782733e-001	5.000000e+000	5.871167e-001	-4.412883e-004
4.018429645782733e-001	5.000000e+000	8.383245e-001	-4.161675e-004
4.024289020782734e-001	5.000000e+000	1.075232e+000	-3.924768e-004
4.030148395782734e-001	5.000000e+000	1.298653e+000	-3.701347e-004
4.036007770782734e-001	5.000000e+000	1.509356e+000	-3.490644e-004
4.041867145782734e-001	5.000000e+000	1.708065e+000	-3.291935e-004
4.047726520782735e-001	5.000000e+000	1.895461e+000	-3.104539e-004
4.059445270782735e-001	5.000000e+000	2.238859e+000	-2.761141e-004
4.071164020782735e-001	5.000000e+000	2.544272e+000	-2.455727e-004
4.082882770782736e-001	5.000000e+000	2.815904e+000	-2.184096e-004
4.094601520782736e-001	5.000000e+000	3.057490e+000	-1.942510e-004
4.106320270782737e-001	5.000000e+000	3.272354e+000	-1.727646e-004
4.118039020782737e-001	5.000000e+000	3.463451e+000	-1.536549e-004
4.129757770782738e-001	5.000000e+000	3.633411e+000	-1.366589e-004
4.141476520782738e-001	5.000000e+000	3.784571e+000	-1.215429e-004
4.153195270782739e-001	5.000000e+000	3.919012e+000	-1.080988e-004
4.164914020782739e-001	5.000000e+000	4.038581e+000	-9.614187e-005
4.176632770782739e-001	5.000000e+000	4.144925e+000	-8.550748e-005
4.188351520782740e-001	5.000000e+000	4.239506e+000	-7.604937e-005
4.200070270782740e-001	5.000000e+000	4.323626e+000	-6.763745e-005
4.211789020782741e-001	5.000000e+000	4.398440e+000	-6.015597e-005
4.223507770782741e-001	5.000000e+000	4.464980e+000	-5.350203e-005
4.235226520782742e-001	5.000000e+000	4.524159e+000	-4.758410e-005
4.246945270782742e-001	5.000000e+000	4.576792e+000	-4.232075e-005
4.258664020782743e-001	5.000000e+000	4.623604e+000	-3.763959e-005
4.270382770782743e-001	5.000000e+000	4.665238e+000	-3.347623e-005
4.282101520782743e-001	5.000000e+000	4.702266e+000	-2.977337e-005
4.293820270782744e-001	5.000000e+000	4.735199e+000	-2.648010e-005
4.305539020782744e-001	5.000000e+000	4.764489e+000	-2.355110e-005
4.317257770782745e-001	5.000000e+000	4.790539e+000	-2.094608e-005
4.328976520782745e-001	5.000000e+000	4.813708e+000	-1.862920e-005
4.340695270782746e-001	5.000000e+000	4.834314e+000	-1.656860e-005
4.352414020782746e-001	5.000000e+000	4.852641e+000	-1.473592e-005
4.364132770782747e-001	5.000000e+000	4.868940e+000	-1.310596e-005
4.375851520782747e-001	5.000000e+000	4.883437e+000	-1.165629e-005
4.387570270782747e-001	5.000000e+000	4.896330e+000	-1.036697e-005
4.399289020782748e-001	5.000000e+000	4.907797e+000	-9.220266e-006
4.411007770782748e-001	5.000000e+000	4.917996e+000	-8.200400e-006
4.422726520782749e-001	5.000000e+000	4.927067e+000	-7.293342e-006
4.434445270782749e-001	5.000000e+000	4.935134e+000	-6.486615e-006
4.446164020782750e-001	5.000000e+000	4.942309e+000	-5.769121e-006
4.452023395782750e-001	5.000000e+000	4.945593e+000	-5.440709e-006
4.463742145782750e-001	5.000000e+000	4.951611e+000	-4.838904e-006
4.475460895782751e-001	5.000000e+000	4.956964e+000	-4.303666e-006
4.487179645782751e-001	5.000000e+000	4.961724e+000	-3.827631e-006
4.498898395782752e-001	5.000000e+000	4.965958e+000	-3.404251e-006
4.510617145782752e-001	5.000000e+000	4.969723e+000	-3.027702e-006
4.522335895782753e-001	5.000000e+000	4.973072e+000	-2.692804e-006
4.534054645782753e-001	5.000000e+000	4.976050e+000	-2.394949e-006
4.545773395782753e-001	5.000000e+000	4.978700e+000	-2.130040e-006
4.557492145782754e-001	5.000000e+000	4.981056e+000	-1.894434e-006
4.569210895782754e-001	5.000000e+000	4.983151e+000	-1.684888e-006
4.580929645782755e-001	5.000000e+000	4.985015e+000	-1.498520e-006
4.592648395782755e-001	5.000000e+000	4.986672e+000	-1.332766e-006
4.604367145782756e-001	5.000000e+000	4.988147e+000	-1.185347e-006
4.616085895782756e-001	5.000000e+000	4.989458e+000	-1.054234e-006
4.633664020782757e-001	5.000000e+000	4.991158e+000	-8.842487e-007
4.651242145782757e-001	5.000000e+000	4.992583e+000	-7.416718e-007
4.668820270782758e-001	5.000000e+000	4.993779e+000	-6.220840e-007
4.686398395782759e-001	5.000000e+000	4.994782e+000	-5.217788e-007
4.703976520782759e-001	5.000000e+000	4.995624e+000	-4.376467e-007
4.721554645782760e-001	5.000000e+000	4.996329e+000	-3.670802e-007
4.739132770782761e-001	5.000000e+000	4.996921e+000	-3.078920e-007
4.756710895782761e-001	5.000000e+000	4.997417e+000	-2.582472e-007
4.774289020782762e-001	5.000000e+000	4.997834e+000	-2.166072e-007
4.789355985068477e-001	5.000000e+000	4.998125e+000	-1.874951e-007
4.804422949354192e-001	5.000000e+000	4.998386e+000	-1.613639e-007
4.819489913639907e-001	5.000000e+000	4.998618e+000	-1.382136e-007
4.834556877925622e-001	5.000000e+000	4.998820e+000	-1.180442e-007
4.849623842211336e-001	5.000000e+000	4.998992e+000	-1.008558e-007
4.864690806497051e-001	5.000000e+000	4.999134e+000	-8.664835e-008
4.879757770782766e-001	5.000000e+000	4.999246e+000	-7.542181e-008
4.896935233528085e-001	5.000000e+000	4.999359e+000	-6.410358e-008
4.914112696273404e-001	5.000000e+000	4.999460e+000	-5.404313e-008
4.931290159018724e-001	5.000000e+000	4.999548e+000	-4.524046e-008
4.948467621764043e-001	5.000000e+000	4.999623e+000	-3.769557e-008
4.965645084509363e-001	5.000000e+000	4.999686e+000	-3.140846e-008
4.982822547254682e-001	5.000000e+000	4.999736e+000	-2.637913e-008
5.000000010000001e-001	5.000000e+000	4.999774e+000	-2.260759e-008
5.000000020000001e-001	0.000000e+000	4.999774e+000	4.999773e-004
5.009329253630031e-001	0.000000e+000	4.563434e+000	4.563434e-004
5.018658487260059e-001	0.000000e+000	4.158455e+000	4.158455e-004
5.027987720890089e-001	0.000000e+000	3.784836e+000	3.784836e-004
5.037316954520118e-001	0.000000e+000	3.442577e+000	3.442577e-004
5.046646188150148e-001	0.000000e+000	3.131678e+000	3.131678e-004
5.055975421780177e-001	0.000000e+000	2.852139e+000	2.852139e-004
5.065304655410207e-001	0.000000e+000	2.603961e+000	2.603960e-004
5.077023405410207e-001	0.000000e+000	2.315933e+000	2.315933e-004
5.088742155410208e-001	0.000000e+000	2.059764e+000	2.059764e-004
5.100460905410208e-001	0.000000e+000	1.831931e+000	1.831931e-004
5.112179655410208e-001	0.000000e+000	1.629298e+000	1.629298e-004
5.123898405410209e-001	0.000000e+000	1.449079e+000	1.449079e-004
5.135617155410209e-001	0.000000e+000	1.288795e+000	1.288795e-004
5.147335905410210e-001	0.000000e+000	1.146239e+000	1.146239e-004
5.159054655410210e-001	0.000000e+000	1.019452e+000	1.019452e-004
5.170773405410211e-001	0.000000e+000	9.066889e-001	9.066889e-005
5.182492155410211e-001	0.000000e+000	8.063988e-001	8.063988e-005
5.194210905410212e-001	0.000000e+000	7.172019e-001	7.172019e-005
5.205929655410212e-001	0.000000e+000	6.378711e-001	6.378712e-005
5.217648405410212e-001	0.000000e+000	5.673153e-001	5.673153e-005
5.229367155410213e-001	0.000000e+000	5.045637e-001	5.045638e-005
5.241085905410213e-001	0.000000e+000	4.487533e-001	4.487533e-005
5.252804655410214e-001	0.000000e+000	3.991160e-001	3.991160e-005
5.264523405410214e-001	0.000000e+000	3.549692e-001	3.549692e-005
5.276242155410215e-001	0.000000e+000	3.157056e-001	3.157056e-005
5.287960905410215e-001	0.000000e+000	2.807849e-001	2.807849e-005
5.299679655410216e-001	0.000000e+000	2.497269e-001	2.497269e-005
5.311398405410216e-001	0.000000e+000	2.221043e-001	2.221043e-005
5.323117155410216e-001	0.000000e+000	1.975370e-001	1.975370e-005
5.334835905410217e-001	0.000000e+000	1.756871e-001	1.756871e-005
5.346554655410217e-001	0.000000e+000	1.562541e-001	1.562541e-005
5.358273405410218e-001	0.000000e+000	1.389706e-001	1.389706e-005
5.369992155410218e-001	0.000000e+000	1.235989e-001	1.235989e-005
5.381710905410219e-001	0.000000e+000	1.099275e-001	1.099275e-005
5.393429655410219e-001	0.000000e+000	9.776822e-002	9.776822e-006
5.405148405410220e-001	0.000000e+000	8.695394e-002	8.695394e-006
5.416867155410220e-001	0.000000e+000	7.733584e-002	7.733584e-006
5.428585905410220e-001	0.000000e+000	6.878161e-002	6.878161e-006
5.440304655410221e-001	0.000000e+000	6.117358e-002	6.117358e-006
5.452023405410221e-001	0.000000e+000	5.440709e-002	5.440709e-006
5.463742155410222e-001	0.000000e+000	4.838904e-002	4.838904e-006
5.475460905410222e-001	0.000000e+000	4.303666e-002	4.303666e-006
5.487179655410223e-001	0.000000e+000	3.827631e-002	3.827631e-006
5.498898405410223e-001	0.000000e+000	3.404251e-002	3.404251e-006
5.510617155410224e-001	0.000000e+000	3.027702e-002	3.027702e-006
5.522335905410224e-001	0.000000e+000	2.692804e-002	2.692804e-006
5.534054655410224e-001	0.000000e+000	2.394949e-002	2.394949e-006
5.545773405410225e-001	0.000000e+000	2.130040e-002	2.130040e-006
5.557492155410225e-001	0.000000e+000	1.894434e-002	1.894434e-006
5.569210905410226e-001	0.000000e+000	1.684888e-002	1.684888e-006
5.580929655410226e-001	0.000000e+000	1.498520e-002	1.498520e-006
5.592648405410227e-001	0.000000e+000	1.332766e-002	1.332766e-006
5.604367155410227e-001	0.000000e+000	1.185347e-002	1.185347e-006
5.616085905410228e-001	0.000000e+000	1.054234e-002	1.054234e-006
5.633664030410228e-001	0.000000e+000	8.842487e-003	8.842487e-007
5.651242155410229e-001	0.000000e+000	7.416718e-003	7.416718e-007
5.668820280410230e-001	0.000000e+000	6.220841e-003	6.220841e-007
5.686398405410230e-001	0.000000e+000	5.217788e-003	5.217788e-007
5.703976530410231e-001	0.000000e+000	4.376467e-003	4.376467e-007
5.721554655410231e-001	0.000000e+000	3.670803e-003	3.670802e-007
5.739132780410232e-001	0.000000e+000	3.078920e-003	3.078920e-007
5.756710905410233e-001	0.000000e+000	2.582472e-003	2.582472e-007
5.774289030410233e-001	0.000000e+000	2.166073e-003	2.166073e-007
5.789355994695948e-001	0.000000e+000	1.874951e-003	1.874951e-007
5.804422958981663e-001	0.000000e+000	1.613639e-003	1.613639e-007
5.819489923267378e-001	0.000000e+000	1.382136e-003	1.382136e-007
5.834556887553093e-001	0.000000e+000	1.180442e-003	1.180442e-007
5.849623851838808e-001	0.000000e+000	1.008558e-003	1.008558e-007
5.864690816124523e-001	0.000000e+000	8.664835e-004	8.664835e-008
5.879757780410237e-001	0.000000e+000	7.542181e-004	7.542181e-008
5.895661798267381e-001	0.000000e+000	6.480760e-004	6.480760e-008
5.911565816124524e-001	0.000000e+000	5.531882e-004	5.531883e-008
5.927469833981668e-001	0.000000e+000	4.695549e-004	4.695550e-008
5.943373851838811e-001	0.000000e+000	3.971761e-004	3.971761e-008
5.959277869695955e-001	0.000000e+000	3.360516e-004	3.360516e-008
5.975181887553098e-001	0.000000e+000	2.861815e-004	2.861816e-008
5.991085905410242e-001	0.000000e+000	2.475659e-004	2.475659e-008
5.994140625000000e-001	0.000000e+000	2.401142e-004	2.401142e-008
6.000000000000000e-001	0.000000e+000	2.263456e-004	2.263456e-008
