0.000000000000000e+000	0.000000e+000	0.000000e+000	0.000000e+000
1.428571428571429e-010	7.142857e-001	7.142856e-001	-5.624446e-010
2.857142857142858e-010	1.428571e+000	1.428571e+000	-2.130384e-009
4.285714285714288e-010	2.142857e+000	2.142857e+000	-4.703817e-009
5.714285714285716e-010	2.857143e+000	2.857142e+000	-8.282744e-009
7.142857142857145e-010	3.571429e+000	3.571427e+000	-1.286717e-008
8.571428571428575e-010	4.285714e+000	4.285712e+000	-1.845708e-008
1.000000000000000e-009	5.000000e+000	4.999998e+000	-2.505249e-008
7.277492195456210e-006	5.000000e+000	4.963789e+000	-3.621058e-004
1.455398439091242e-005	5.000000e+000	4.927896e+000	-7.210389e-004
2.183047658636863e-005	5.000000e+000	4.892317e+000	-1.076824e-003
2.910696878182484e-005	5.000000e+000	4.857054e+000	-1.429462e-003
3.638346097728105e-005	5.000000e+000	4.822105e+000	-1.778953e-003
4.365995317273727e-005	5.000000e+000	4.787470e+000	-2.125296e-003
5.093644536819346e-005	5.000000e+000	4.753151e+000	-2.468491e-003
9.976457036819346e-005	5.000000e+000	4.527903e+000	-4.720973e-003
1.485926953681935e-004	5.000000e+000	4.312083e+000	-6.879170e-003
1.974208203681935e-004	5.000000e+000	4.106550e+000	-8.934497e-003
2.462489453681935e-004	5.000000e+000	3.910814e+000	-1.089186e-002
2.950770703681935e-004	5.000000e+000	3.724408e+000	-1.275592e-002
3.439051953681935e-004	5.000000e+000	3.546887e+000	-1.453113e-002
4.415614453681934e-004	5.000000e+000	3.216826e+000	-1.783174e-002
5.392176953681935e-004	5.000000e+000	2.917480e+000	-2.082521e-002
6.368739453681936e-004	5.000000e+000	2.645990e+000	-2.354010e-002
7.833583203681937e-004	5.000000e+000	2.285382e+000	-2.714618e-002
9.298426953681939e-004	5.000000e+000	1.973921e+000	-3.026079e-002
1.076327070368194e-003	5.000000e+000	1.704907e+000	-3.295093e-002
1.222811445368194e-003	5.000000e+000	1.472557e+000	-3.527443e-002
1.369295820368194e-003	5.000000e+000	1.271873e+000	-3.728127e-002
1.515780195368194e-003	5.000000e+000	1.098540e+000	-3.901460e-002
1.662264570368194e-003	5.000000e+000	9.488299e-001	-4.051170e-002
1.808748945368195e-003	5.000000e+000	8.195234e-001	-4.180477e-002
1.955233320368194e-003	5.000000e+000	7.078397e-001	-4.292160e-002
2.101717695368194e-003	5.000000e+000	6.113770e-001	-4.388623e-002
2.248202070368193e-003	5.000000e+000	5.280610e-001	-4.471939e-002
2.394686445368193e-003	5.000000e+000	4.560998e-001	-4.543900e-002
2.541170820368192e-003	5.000000e+000	3.939461e-001	-4.606054e-002
2.687655195368192e-003	5.000000e+000	3.402631e-001	-4.659737e-002
2.834139570368191e-003	5.000000e+000	2.938964e-001	-4.706104e-002
2.980623945368191e-003	5.000000e+000	2.538489e-001	-4.746151e-002
3.127108320368190e-003	5.000000e+000	2.192594e-001	-4.780741e-002
3.273592695368190e-003	5.000000e+000	1.893840e-001	-4.810616e-002
3.420077070368189e-003	5.000000e+000	1.635801e-001	-4.836420e-002
3.566561445368189e-003	5.000000e+000	1.412931e-001	-4.858707e-002
3.713045820368188e-003	5.000000e+000	1.220435e-001	-4.877957e-002
3.859530195368188e-003	5.000000e+000	1.054173e-001	-4.894583e-002
4.006014570368187e-003	5.000000e+000	9.105711e-002	-4.908943e-002
4.152498945368187e-003	5.000000e+000	7.865401e-002	-4.921346e-002
4.298983320368186e-003	5.000000e+000	6.794129e-002	-4.932059e-002
4.445467695368186e-003	5.000000e+000	5.868857e-002	-4.941311e-002
4.591952070368185e-003	5.000000e+000	5.069689e-002	-4.949303e-002
4.738436445368185e-003	5.000000e+000	4.379436e-002	-4.956206e-002
4.884920820368184e-003	5.000000e+000	3.783257e-002	-4.962168e-002
5.031405195368184e-003	5.000000e+000	3.268329e-002	-4.967317e-002
5.177889570368183e-003	5.000000e+000	2.823579e-002	-4.971764e-002
5.324373945368183e-003	5.000000e+000	2.439443e-002	-4.975605e-002
5.470858320368182e-003	5.000000e+000	2.107659e-002	-4.978923e-002
5.617342695368181e-003	5.000000e+000	1.821094e-002	-4.981789e-002
5.763827070368181e-003	5.000000e+000	1.573583e-002	-4.984264e-002
5.910311445368180e-003	5.000000e+000	1.359806e-002	-4.986402e-002
6.056795820368180e-003	5.000000e+000	1.175163e-002	-4.988248e-002
6.203280195368179e-003	5.000000e+000	1.015685e-002	-4.989843e-002
6.349764570368179e-003	5.000000e+000	8.779414e-003	-4.991221e-002
6.496248945368178e-003	5.000000e+000	7.589707e-003	-4.992410e-002
6.642733320368178e-003	5.000000e+000	6.562142e-003	-4.993438e-002
6.789217695368177e-003	5.000000e+000	5.674620e-003	-4.994325e-002
6.935702070368177e-003	5.000000e+000	4.908056e-003	-4.995092e-002
7.054284659653891e-003	5.000000e+000	4.378989e-003	-4.995621e-002
7.172867248939605e-003	5.000000e+000	3.895791e-003	-4.996104e-002
7.291449838225318e-003	5.000000e+000	3.458460e-003	-4.996542e-002
7.410032427511032e-003	5.000000e+000	3.066998e-003	-4.996933e-002
7.528615016796746e-003	5.000000e+000	2.721404e-003	-4.997279e-002
7.647197606082460e-003	5.000000e+000	2.421677e-003	-4.997578e-002
7.765780195368174e-003	5.000000e+000	2.167819e-003	-4.997832e-002
7.919240016796747e-003	5.000000e+000	1.878689e-003	-4.998121e-002
8.072699838225322e-003	5.000000e+000	1.619525e-003	-4.998380e-002
8.226159659653894e-003	5.000000e+000	1.390329e-003	-4.998610e-002
8.379619481082469e-003	5.000000e+000	1.191099e-003	-4.998809e-002
8.533079302511041e-003	5.000000e+000	1.021835e-003	-4.998978e-002
8.686539123939616e-003	5.000000e+000	8.825389e-004	-4.999117e-002
8.839998945368188e-003	5.000000e+000	7.732093e-004	-4.999227e-002
9.005713524601304e-003	5.000000e+000	6.680048e-004	-4.999332e-002
9.171428103834421e-003	5.000000e+000	5.742169e-004	-4.999426e-002
9.337142683067536e-003	5.000000e+000	4.918458e-004	-4.999508e-002
9.502857262300652e-003	5.000000e+000	4.208913e-004	-4.999579e-002
9.668571841533769e-003	5.000000e+000	3.613535e-004	-4.999639e-002
9.834286420766884e-003	5.000000e+000	3.132325e-004	-4.999687e-002
1.000000100000000e-002	5.000000e+000	2.765281e-004	-4.999724e-002
1.000000200000000e-002	0.000000e+000	-4.999721e+000	-4.999721e-002
1.008871563071838e-002	0.000000e+000	-4.582916e+000	-4.582916e-002
1.017742926143675e-002	0.000000e+000	-4.194972e+000	-4.194972e-002
1.026614289215512e-002	0.000000e+000	-3.835890e+000	-3.835890e-002
1.035485652287349e-002	0.000000e+000	-3.505669e+000	-3.505669e-002
1.044357015359187e-002	0.000000e+000	-3.204310e+000	-3.204310e-002
1.053228378431024e-002	0.000000e+000	-2.931812e+000	-2.931812e-002
1.062099741502861e-002	0.000000e+000	-2.688176e+000	-2.688176e-002
1.076748179002862e-002	0.000000e+000	-2.321812e+000	-2.321812e-002
1.091396616502862e-002	0.000000e+000	-2.005379e+000	-2.005379e-002
1.106045054002862e-002	0.000000e+000	-1.732071e+000	-1.732071e-002
1.120693491502862e-002	0.000000e+000	-1.496012e+000	-1.496012e-002
1.135341929002862e-002	0.000000e+000	-1.292125e+000	-1.292125e-002
1.149990366502863e-002	0.000000e+000	-1.116025e+000	-1.116025e-002
1.164638804002863e-002	0.000000e+000	-9.639251e-001	-9.639250e-003
1.179287241502863e-002	0.000000e+000	-8.325544e-001	-8.325544e-003
1.193935679002863e-002	0.000000e+000	-7.190879e-001	-7.190879e-003
1.208584116502864e-002	0.000000e+000	-6.210855e-001	-6.210854e-003
1.223232554002864e-002	0.000000e+000	-5.364395e-001	-5.364395e-003
1.237880991502864e-002	0.000000e+000	-4.633296e-001	-4.633296e-003
1.252529429002864e-002	0.000000e+000	-4.001837e-001	-4.001837e-003
1.267177866502864e-002	0.000000e+000	-3.456438e-001	-3.456438e-003
1.281826304002865e-002	0.000000e+000	-2.985370e-001	-2.985370e-003
1.296474741502865e-002	0.000000e+000	-2.578502e-001	-2.578502e-003
1.311123179002865e-002	0.000000e+000	-2.227086e-001	-2.227086e-003
1.325771616502865e-002	0.000000e+000	-1.923562e-001	-1.923562e-003
1.340420054002865e-002	0.000000e+000	-1.661405e-001	-1.661405e-003
1.355068491502866e-002	0.000000e+000	-1.434977e-001	-1.434977e-003
1.369716929002866e-002	0.000000e+000	-1.239408e-001	-1.239408e-003
1.384365366502866e-002	0.000000e+000	-1.070493e-001	-1.070493e-003
1.399013804002866e-002	0.000000e+000	-9.245983e-002	-9.245983e-004
1.413662241502866e-002	0.000000e+000	-7.985874e-002	-7.985874e-004
1.428310679002867e-002	0.000000e+000	-6.897502e-002	-6.897501e-004
1.442959116502867e-002	0.000000e+000	-5.957460e-002	-5.957461e-004
1.457607554002867e-002	0.000000e+000	-5.145535e-002	-5.145535e-004
1.472255991502867e-002	0.000000e+000	-4.444265e-002	-4.444264e-004
1.486904429002867e-002	0.000000e+000	-3.838568e-002	-3.838568e-004
1.501552866502868e-002	0.000000e+000	-3.315420e-002	-3.315420e-004
1.516201304002868e-002	0.000000e+000	-2.863571e-002	-2.863571e-004
1.530849741502868e-002	0.000000e+000	-2.473303e-002	-2.473303e-004
1.545498179002868e-002	0.000000e+000	-2.136224e-002	-2.136224e-004
1.560146616502869e-002	0.000000e+000	-1.845084e-002	-1.845084e-004
1.574795054002869e-002	0.000000e+000	-1.593623e-002	-1.593622e-004
1.589443491502869e-002	0.000000e+000	-1.376432e-002	-1.376432e-004
1.604091929002869e-002	0.000000e+000	-1.188842e-002	-1.188842e-004
1.618740366502869e-002	0.000000e+000	-1.026818e-002	-1.026818e-004
1.633388804002869e-002	0.000000e+000	-8.868759e-003	-8.868759e-005
1.648037241502870e-002	0.000000e+000	-7.660062e-003	-7.660061e-005
1.662685679002870e-002	0.000000e+000	-6.616093e-003	-6.616093e-005
1.677334116502870e-002	0.000000e+000	-5.714404e-003	-5.714405e-005
1.691982554002870e-002	0.000000e+000	-4.935605e-003	-4.935604e-005
1.706630991502870e-002	0.000000e+000	-4.262945e-003	-4.262945e-005
1.721279429002871e-002	0.000000e+000	-3.681960e-003	-3.681960e-005
1.735927866502871e-002	0.000000e+000	-3.180156e-003	-3.180156e-005
1.750576304002871e-002	0.000000e+000	-2.746742e-003	-2.746742e-005
1.765224741502871e-002	0.000000e+000	-2.372396e-003	-2.372396e-005
1.779873179002871e-002	0.000000e+000	-2.049069e-003	-2.049069e-005
1.794521616502872e-002	0.000000e+000	-1.769807e-003	-1.769807e-005
1.809170054002872e-002	0.000000e+000	-1.528605e-003	-1.528605e-005
1.823818491502872e-002	0.000000e+000	-1.320276e-003	-1.320276e-005
1.838466929002872e-002	0.000000e+000	-1.140339e-003	-1.140339e-005
1.853115366502873e-002	0.000000e+000	-9.849254e-004	-9.849255e-006
1.867763804002873e-002	0.000000e+000	-8.506927e-004	-8.506927e-006
1.882412241502873e-002	0.000000e+000	-7.347542e-004	-7.347542e-006
1.897060679002873e-002	0.000000e+000	-6.346166e-004	-6.346166e-006
1.911709116502873e-002	0.000000e+000	-5.481265e-004	-5.481265e-006
1.926357554002874e-002	0.000000e+000	-4.734239e-004	-4.734239e-006
1.941005991502874e-002	0.000000e+000	-4.089023e-004	-4.089023e-006
1.955654429002874e-002	0.000000e+000	-3.531741e-004	-3.531741e-006
1.970302866502874e-002	0.000000e+000	-3.050410e-004	-3.050410e-006
1.984951304002874e-002	0.000000e+000	-2.634678e-004	-2.634679e-006
2.000000000000000e-002	0.000000e+000	-2.265185e-004	-2.265185e-006
2.000000100000000e-002	5.000000e+000	4.999771e+000	-2.290483e-006
2.000599285711891e-002	5.000000e+000	4.969928e+000	-3.007187e-004
2.001198471423783e-002	5.000000e+000	4.940303e+000	-5.969704e-004
2.001797657135674e-002	5.000000e+000	4.910895e+000	-8.910455e-004
2.002396842847566e-002	5.000000e+000	4.881705e+000	-1.182944e-003
2.002996028559458e-002	5.000000e+000	4.852733e+000	-1.472666e-003
2.003595214271349e-002	5.000000e+000	4.823979e+000	-1.760211e-003
2.004194399983240e-002	5.000000e+000	4.795442e+000	-2.045580e-003
2.008388703966481e-002	5.000000e+000	4.599784e+000	-4.002155e-003
2.013271516466481e-002	5.000000e+000	4.380915e+000	-6.190854e-003
2.018154328966481e-002	5.000000e+000	4.172101e+000	-8.278988e-003
2.023037141466481e-002	5.000000e+000	3.973241e+000	-1.026759e-002
2.027919953966481e-002	5.000000e+000	3.783859e+000	-1.216141e-002
2.032802766466481e-002	5.000000e+000	3.603504e+000	-1.396496e-002
2.037685578966481e-002	5.000000e+000	3.431746e+000	-1.568254e-002
2.047451203966481e-002	5.000000e+000	3.112399e+000	-1.887600e-002
2.057216828966482e-002	5.000000e+000	2.822771e+000	-2.177229e-002
2.066982453966482e-002	5.000000e+000	2.560094e+000	-2.439906e-002
2.081630891466482e-002	5.000000e+000	2.211193e+000	-2.788807e-002
2.096279328966482e-002	5.000000e+000	1.909843e+000	-3.090157e-002
2.110927766466482e-002	5.000000e+000	1.649562e+000	-3.350437e-002
2.125576203966482e-002	5.000000e+000	1.424755e+000	-3.575245e-002
2.140224641466483e-002	5.000000e+000	1.230586e+000	-3.769414e-002
2.154873078966483e-002	5.000000e+000	1.062880e+000	-3.937120e-002
2.169521516466483e-002	5.000000e+000	9.180296e-001	-4.081970e-002
2.184169953966483e-002	5.000000e+000	7.929208e-001	-4.207079e-002
2.198818391466484e-002	5.000000e+000	6.848626e-001	-4.315137e-002
2.213466828966484e-002	5.000000e+000	5.915315e-001	-4.408469e-002
2.228115266466484e-002	5.000000e+000	5.109201e-001	-4.489080e-002
2.242763703966484e-002	5.000000e+000	4.412951e-001	-4.558705e-002
2.257412141466484e-002	5.000000e+000	3.811590e-001	-4.618841e-002
2.272060578966485e-002	5.000000e+000	3.292187e-001	-4.670781e-002
2.286709016466485e-002	5.000000e+000	2.843572e-001	-4.715643e-002
2.301357453966485e-002	5.000000e+000	2.456098e-001	-4.754390e-002
2.316005891466485e-002	5.000000e+000	2.121432e-001	-4.787857e-002
2.330654328966485e-002	5.000000e+000	1.832376e-001	-4.816762e-002
2.345302766466486e-002	5.000000e+000	1.582715e-001	-4.841729e-002
2.359951203966486e-002	5.000000e+000	1.367079e-001	-4.863292e-002
2.374599641466486e-002	5.000000e+000	1.180832e-001	-4.881917e-002
2.389248078966486e-002	5.000000e+000	1.019968e-001	-4.898003e-002
2.403896516466486e-002	5.000000e+000	8.810274e-002	-4.911897e-002
2.418544953966487e-002	5.000000e+000	7.610227e-002	-4.923898e-002
2.433193391466487e-002	5.000000e+000	6.573733e-002	-4.934263e-002
2.447841828966487e-002	5.000000e+000	5.678499e-002	-4.943215e-002
2.462490266466487e-002	5.000000e+000	4.905274e-002	-4.950947e-002
2.477138703966487e-002	5.000000e+000	4.237429e-002	-4.957626e-002
2.491787141466488e-002	5.000000e+000	3.660603e-002	-4.963394e-002
2.506435578966488e-002	5.000000e+000	3.162391e-002	-4.968376e-002
2.521084016466488e-002	5.000000e+000	2.732079e-002	-4.972679e-002
2.535732453966488e-002	5.000000e+000	2.360413e-002	-4.976396e-002
2.550380891466489e-002	5.000000e+000	2.039401e-002	-4.979606e-002
2.565029328966489e-002	5.000000e+000	1.762138e-002	-4.982379e-002
2.579677766466489e-002	5.000000e+000	1.522662e-002	-4.984773e-002
2.594326203966489e-002	5.000000e+000	1.315825e-002	-4.986842e-002
2.608974641466489e-002	5.000000e+000	1.137176e-002	-4.988628e-002
2.623623078966490e-002	5.000000e+000	9.828749e-003	-4.990171e-002
2.638271516466490e-002	5.000000e+000	8.496031e-003	-4.991504e-002
2.652919953966490e-002	5.000000e+000	7.344945e-003	-4.992655e-002
2.667568391466490e-002	5.000000e+000	6.350737e-003	-4.993649e-002
2.682216828966490e-002	5.000000e+000	5.492027e-003	-4.994508e-002
2.696865266466491e-002	5.000000e+000	4.750349e-003	-4.995250e-002
2.708723525395062e-002	5.000000e+000	4.238457e-003	-4.995762e-002
2.720581784323634e-002	5.000000e+000	3.770945e-003	-4.996229e-002
2.732440043252206e-002	5.000000e+000	3.347811e-003	-4.996652e-002
2.744298302180777e-002	5.000000e+000	2.969057e-003	-4.997031e-002
2.756156561109349e-002	5.000000e+000	2.634682e-003	-4.997365e-002
2.768014820037920e-002	5.000000e+000	2.344685e-003	-4.997655e-002
2.779873078966492e-002	5.000000e+000	2.099068e-003	-4.997901e-002
2.795219061109349e-002	5.000000e+000	1.819324e-003	-4.998181e-002
2.810565043252207e-002	5.000000e+000	1.568574e-003	-4.998431e-002
2.825911025395064e-002	5.000000e+000	1.346817e-003	-4.998653e-002
2.841257007537921e-002	5.000000e+000	1.154055e-003	-4.998846e-002
2.856602989680779e-002	5.000000e+000	9.902865e-004	-4.999010e-002
2.871948971823636e-002	5.000000e+000	8.555121e-004	-4.999144e-002
2.887294953966493e-002	5.000000e+000	7.497317e-004	-4.999250e-002
2.903395689114137e-002	5.000000e+000	6.502982e-004	-4.999350e-002
2.919496424261781e-002	5.000000e+000	5.614753e-004	-4.999439e-002
2.935597159409425e-002	5.000000e+000	4.832628e-004	-4.999517e-002
2.951697894557068e-002	5.000000e+000	4.156608e-004	-4.999584e-002
2.967798629704712e-002	5.000000e+000	3.586692e-004	-4.999641e-002
2.983899364852356e-002	5.000000e+000	3.122882e-004	-4.999688e-002
3.000000100000000e-002	5.000000e+000	2.765176e-004	-4.999724e-002
3.000000200000000e-002	0.000000e+000	-4.999721e+000	-4.999721e-002
3.008871563077034e-002	0.000000e+000	-4.582916e+000	-4.582916e-002
3.017742926154069e-002	0.000000e+000	-4.194972e+000	-4.194972e-002
3.026614289231103e-002	0.000000e+000	-3.835890e+000	-3.835890e-002
3.035485652308138e-002	0.000000e+000	-3.505669e+000	-3.505669e-002
3.044357015385172e-002	0.000000e+000	-3.204310e+000	-3.204310e-002
3.053228378462207e-002	0.000000e+000	-2.931812e+000	-2.931812e-002
3.062099741539241e-002	0.000000e+000	-2.688176e+000	-2.688176e-002
3.076748179039241e-002	0.000000e+000	-2.321812e+000	-2.321812e-002
3.091396616539242e-002	0.000000e+000	-2.005379e+000	-2.005379e-002
3.106045054039242e-002	0.000000e+000	-1.732071e+000	-1.732071e-002
3.120693491539242e-002	0.000000e+000	-1.496012e+000	-1.496012e-002
3.135341929039241e-002	0.000000e+000	-1.292125e+000	-1.292125e-002
3.149990366539240e-002	0.000000e+000	-1.116025e+000	-1.116025e-002
3.164638804039240e-002	0.000000e+000	-9.639251e-001	-9.639250e-003
3.179287241539239e-002	0.000000e+000	-8.325544e-001	-8.325544e-003
3.193935679039238e-002	0.000000e+000	-7.190879e-001	-7.190879e-003
3.208584116539237e-002	0.000000e+000	-6.210855e-001	-6.210854e-003
3.223232554039236e-002	0.000000e+000	-5.364395e-001	-5.364395e-003
3.237880991539235e-002	0.000000e+000	-4.633296e-001	-4.633296e-003
3.247646616539235e-002	0.000000e+000	-4.202132e-001	-4.202132e-003
3.262295054039234e-002	0.000000e+000	-3.629435e-001	-3.629435e-003
3.276943491539233e-002	0.000000e+000	-3.134789e-001	-3.134789e-003
3.291591929039232e-002	0.000000e+000	-2.707558e-001	-2.707558e-003
3.306240366539232e-002	0.000000e+000	-2.338552e-001	-2.338552e-003
3.320888804039231e-002	0.000000e+000	-2.019838e-001	-2.019838e-003
3.335537241539230e-002	0.000000e+000	-1.744560e-001	-1.744560e-003
3.350185679039229e-002	0.000000e+000	-1.506799e-001	-1.506799e-003
3.364834116539228e-002	0.000000e+000	-1.301441e-001	-1.301441e-003
3.379482554039227e-002	0.000000e+000	-1.124071e-001	-1.124071e-003
3.394130991539227e-002	0.000000e+000	-9.708750e-002	-9.708749e-004
3.408779429039226e-002	0.000000e+000	-8.385571e-002	-8.385571e-004
3.423427866539225e-002	0.000000e+000	-7.242726e-002	-7.242726e-004
3.438076304039224e-002	0.000000e+000	-6.255635e-002	-6.255635e-004
3.452724741539223e-002	0.000000e+000	-5.403072e-002	-5.403072e-004
3.467373179039222e-002	0.000000e+000	-4.666702e-002	-4.666703e-004
3.482021616539222e-002	0.000000e+000	-4.030691e-002	-4.030691e-004
3.496670054039221e-002	0.000000e+000	-3.481359e-002	-3.481359e-004
3.511318491539220e-002	0.000000e+000	-3.006895e-002	-3.006895e-004
3.525966929039219e-002	0.000000e+000	-2.597093e-002	-2.597093e-004
3.540615366539218e-002	0.000000e+000	-2.243143e-002	-2.243143e-004
3.555263804039217e-002	0.000000e+000	-1.937431e-002	-1.937431e-004
3.569912241539217e-002	0.000000e+000	-1.673384e-002	-1.673384e-004
3.584560679039216e-002	0.000000e+000	-1.445323e-002	-1.445323e-004
3.599209116539215e-002	0.000000e+000	-1.248344e-002	-1.248344e-004
3.613857554039214e-002	0.000000e+000	-1.078211e-002	-1.078211e-004
3.628505991539213e-002	0.000000e+000	-9.312646e-003	-9.312646e-005
3.643154429039212e-002	0.000000e+000	-8.043452e-003	-8.043452e-005
3.657802866539212e-002	0.000000e+000	-6.947232e-003	-6.947232e-005
3.672451304039211e-002	0.000000e+000	-6.000414e-003	-6.000413e-005
3.687099741539210e-002	0.000000e+000	-5.182634e-003	-5.182634e-005
3.701748179039209e-002	0.000000e+000	-4.476308e-003	-4.476308e-005
3.716396616539208e-002	0.000000e+000	-3.866244e-003	-3.866245e-005
3.731045054039207e-002	0.000000e+000	-3.339325e-003	-3.339325e-005
3.745693491539207e-002	0.000000e+000	-2.884218e-003	-2.884218e-005
3.760341929039206e-002	0.000000e+000	-2.491136e-003	-2.491136e-005
3.774990366539205e-002	0.000000e+000	-2.151626e-003	-2.151626e-005
3.789638804039204e-002	0.000000e+000	-1.858387e-003	-1.858387e-005
3.804287241539203e-002	0.000000e+000	-1.605112e-003	-1.605112e-005
3.818935679039202e-002	0.000000e+000	-1.386356e-003	-1.386356e-005
3.833584116539202e-002	0.000000e+000	-1.197414e-003	-1.197414e-005
3.848232554039201e-002	0.000000e+000	-1.034221e-003	-1.034222e-005
3.862880991539200e-002	0.000000e+000	-8.932704e-004	-8.932703e-006
3.877529429039199e-002	0.000000e+000	-7.715290e-004	-7.715291e-006
3.892177866539198e-002	0.000000e+000	-6.663795e-004	-6.663795e-006
3.906826304039197e-002	0.000000e+000	-5.755606e-004	-5.755605e-006
3.921474741539197e-002	0.000000e+000	-4.971190e-004	-4.971190e-006
3.936123179039196e-002	0.000000e+000	-4.293681e-004	-4.293681e-006
3.950771616539195e-002	0.000000e+000	-3.708507e-004	-3.708507e-006
3.965420054039194e-002	0.000000e+000	-3.203085e-004	-3.203085e-006
3.980068491539193e-002	0.000000e+000	-2.766546e-004	-2.766546e-006
3.982915849890737e-002	0.000000e+000	-2.688820e-004	-2.688820e-006
3.985763208242281e-002	0.000000e+000	-2.613128e-004	-2.613128e-006
3.988610566593825e-002	0.000000e+000	-2.539471e-004	-2.539471e-006
3.991457924945369e-002	0.000000e+000	-2.467848e-004	-2.467848e-006
3.994305283296912e-002	0.000000e+000	-2.398260e-004	-2.398259e-006
3.997152641648456e-002	0.000000e+000	-2.330705e-004	-2.330705e-006
4.000000000000000e-002	0.000000e+000	-2.265185e-004	-2.265185e-006
4.000000100000000e-002	5.000000e+000	4.999771e+000	-2.290303e-006
4.000651549175632e-002	5.000000e+000	4.967336e+000	-3.266367e-004
4.001302998351264e-002	5.000000e+000	4.935158e+000	-6.484171e-004
4.001954447526895e-002	5.000000e+000	4.903237e+000	-9.676314e-004
4.002605896702527e-002	5.000000e+000	4.871572e+000	-1.284280e-003
4.003257345878158e-002	5.000000e+000	4.840164e+000	-1.598362e-003
4.003908795053791e-002	5.000000e+000	4.809012e+000	-1.909878e-003
4.004560244229422e-002	5.000000e+000	4.778117e+000	-2.218828e-003
4.009120389546068e-002	5.000000e+000	4.566450e+000	-4.335498e-003
4.014003202046067e-002	5.000000e+000	4.348969e+000	-6.510315e-003
4.018886014546067e-002	5.000000e+000	4.141678e+000	-8.583223e-003
4.023768827046067e-002	5.000000e+000	3.944267e+000	-1.055733e-002
4.028651639546067e-002	5.000000e+000	3.756267e+000	-1.243733e-002
4.033534452046066e-002	5.000000e+000	3.577227e+000	-1.422773e-002
4.038417264546066e-002	5.000000e+000	3.406721e+000	-1.593279e-002
4.048182889546065e-002	5.000000e+000	3.089704e+000	-1.910296e-002
4.057948514546065e-002	5.000000e+000	2.802187e+000	-2.197813e-002
4.067714139546064e-002	5.000000e+000	2.541426e+000	-2.458574e-002
4.082362577046064e-002	5.000000e+000	2.195069e+000	-2.804931e-002
4.097011014546063e-002	5.000000e+000	1.895916e+000	-3.104084e-002
4.111659452046062e-002	5.000000e+000	1.637534e+000	-3.362466e-002
4.126307889546061e-002	5.000000e+000	1.414366e+000	-3.585634e-002
4.140956327046060e-002	5.000000e+000	1.221613e+000	-3.778387e-002
4.155604764546059e-002	5.000000e+000	1.055129e+000	-3.944871e-002
4.170253202046059e-002	5.000000e+000	9.113355e-001	-4.088664e-002
4.184901639546058e-002	5.000000e+000	7.871390e-001	-4.212861e-002
4.199550077046057e-002	5.000000e+000	6.798688e-001	-4.320131e-002
4.214198514546056e-002	5.000000e+000	5.872183e-001	-4.412781e-002
4.228846952046055e-002	5.000000e+000	5.071948e-001	-4.492805e-002
4.243495389546054e-002	5.000000e+000	4.380774e-001	-4.561923e-002
4.258143827046054e-002	5.000000e+000	3.783799e-001	-4.621620e-002
4.272792264546053e-002	5.000000e+000	3.268184e-001	-4.673181e-002
4.287440702046052e-002	5.000000e+000	2.822840e-001	-4.717716e-002
4.302089139546051e-002	5.000000e+000	2.438191e-001	-4.756181e-002
4.316737577046050e-002	5.000000e+000	2.105965e-001	-4.789403e-002
4.331386014546049e-002	5.000000e+000	1.819017e-001	-4.818098e-002
4.346034452046049e-002	5.000000e+000	1.571177e-001	-4.842883e-002
4.360682889546048e-002	5.000000e+000	1.357114e-001	-4.864288e-002
4.375331327046047e-002	5.000000e+000	1.172225e-001	-4.882777e-002
4.389979764546046e-002	5.000000e+000	1.012534e-001	-4.898747e-002
4.404628202046045e-002	5.000000e+000	8.746064e-002	-4.912539e-002
4.419276639546044e-002	5.000000e+000	7.554769e-002	-4.924452e-002
4.433925077046044e-002	5.000000e+000	6.525832e-002	-4.934742e-002
4.448573514546043e-002	5.000000e+000	5.637126e-002	-4.943629e-002
4.463221952046042e-002	5.000000e+000	4.869540e-002	-4.951305e-002
4.477870389546041e-002	5.000000e+000	4.206565e-002	-4.957934e-002
4.492518827046040e-002	5.000000e+000	3.633945e-002	-4.963661e-002
4.507167264546039e-002	5.000000e+000	3.139367e-002	-4.968606e-002
4.521815702046039e-002	5.000000e+000	2.712193e-002	-4.972878e-002
4.536464139546038e-002	5.000000e+000	2.343237e-002	-4.976568e-002
4.551112577046037e-002	5.000000e+000	2.024565e-002	-4.979754e-002
4.565761014546036e-002	5.000000e+000	1.749324e-002	-4.982507e-002
4.580409452046035e-002	5.000000e+000	1.511595e-002	-4.984884e-002
4.595057889546034e-002	5.000000e+000	1.306266e-002	-4.986937e-002
4.609706327046034e-002	5.000000e+000	1.128920e-002	-4.988711e-002
4.624354764546033e-002	5.000000e+000	9.757441e-003	-4.990242e-002
4.639003202046032e-002	5.000000e+000	8.434440e-003	-4.991566e-002
4.653651639546031e-002	5.000000e+000	7.291749e-003	-4.992708e-002
4.668300077046030e-002	5.000000e+000	6.304791e-003	-4.993695e-002
4.682948514546029e-002	5.000000e+000	5.452343e-003	-4.994547e-002
4.697596952046029e-002	5.000000e+000	4.716073e-003	-4.995284e-002
4.710152755617456e-002	5.000000e+000	4.181345e-003	-4.995819e-002
4.722708559188885e-002	5.000000e+000	3.694912e-003	-4.996305e-002
4.735264362760312e-002	5.000000e+000	3.256774e-003	-4.996743e-002
4.747820166331740e-002	5.000000e+000	2.866930e-003	-4.997133e-002
4.760375969903168e-002	5.000000e+000	2.525382e-003	-4.997475e-002
4.772931773474596e-002	5.000000e+000	2.232128e-003	-4.997768e-002
4.785487577046024e-002	5.000000e+000	1.987169e-003	-4.998013e-002
4.800833559188880e-002	5.000000e+000	1.722702e-003	-4.998277e-002
4.816179541331736e-002	5.000000e+000	1.485645e-003	-4.998514e-002
4.831525523474593e-002	5.000000e+000	1.275999e-003	-4.998724e-002
4.846871505617448e-002	5.000000e+000	1.093763e-003	-4.998906e-002
4.862217487760305e-002	5.000000e+000	9.389379e-004	-4.999061e-002
4.877563469903161e-002	5.000000e+000	8.115235e-004	-4.999188e-002
4.892909452046017e-002	5.000000e+000	7.115196e-004	-4.999289e-002
4.908208058896586e-002	5.000000e+000	6.215995e-004	-4.999378e-002
4.923506665747156e-002	5.000000e+000	5.409383e-004	-4.999459e-002
4.938805272597725e-002	5.000000e+000	4.695362e-004	-4.999530e-002
4.954103879448293e-002	5.000000e+000	4.073931e-004	-4.999593e-002
4.969402486298862e-002	5.000000e+000	3.545091e-004	-4.999646e-002
4.984701093149432e-002	5.000000e+000	3.108841e-004	-4.999689e-002
4.999999700000000e-002	5.000000e+000	2.765181e-004	-4.999724e-002
4.999999900000000e-002	5.000000e+000	2.765176e-004	-4.999724e-002
5.000000000000000e-002	5.000000e+000	2.765174e-004	-4.999724e-002
