Freq.	(V(n002)-V(n007))/(V(n006))
1.00000000000000e+001	4.32554051916265e-010,1.37686299885248e-002
2.00000000000000e+001	1.73021620780302e-009,2.75372599770496e-002
3.00000000000000e+001	3.89298646677312e-009,4.13058899655741e-002
4.00000000000000e+001	6.92086482734796e-009,5.50745199540984e-002
5.00000000000000e+001	1.08138513002945e-008,6.88431499426224e-002
6.00000000000000e+001	1.55719458700709e-008,8.26117799311460e-002
7.00000000000000e+001	2.11951485458709e-008,9.63804099196691e-002
8.00000000000000e+001	2.76834592919747e-008,1.10149039908192e-001
9.00000000000000e+001	3.50368781866494e-008,1.23917669896714e-001
1.00000000000000e+002	4.32554051893493e-008,1.37686299885235e-001
1.10000000000000e+002	5.23390402749836e-008,1.51454929873755e-001
1.20000000000000e+002	6.22877834793658e-008,1.65223559862274e-001
1.30000000000000e+002	7.31016347784772e-008,1.78992189850793e-001
1.40000000000000e+002	8.47805941849177e-008,1.92760819839310e-001
1.50000000000000e+002	9.73246616875368e-008,2.06529449827827e-001
1.60000000000000e+002	1.10733837305558e-007,2.20298079816342e-001
1.70000000000000e+002	1.25008121010862e-007,2.34066709804855e-001
1.80000000000000e+002	1.40147512776559e-007,2.47835339793368e-001
1.90000000000000e+002	1.56152012746300e-007,2.61603969781879e-001
2.00000000000000e+002	1.73021620806838e-007,2.75372599770388e-001
2.10000000000000e+002	1.90756336929422e-007,2.89141229758896e-001
2.20000000000000e+002	2.09356161122615e-007,3.02909859747402e-001
2.30000000000000e+002	2.28821093487802e-007,3.16678489735906e-001
2.40000000000000e+002	2.49151133919432e-007,3.30447119724408e-001
2.50000000000000e+002	2.70346282463063e-007,3.44215749712908e-001
2.60000000000000e+002	2.92406539048913e-007,3.57984379701407e-001
2.70000000000000e+002	3.15331903880429e-007,3.71753009689903e-001
2.80000000000000e+002	3.39122376729306e-007,3.85521639678397e-001
2.90000000000000e+002	3.63777957701534e-007,3.99290269666889e-001
3.00000000000000e+002	3.89298646782208e-007,4.13058899655378e-001
3.10000000000000e+002	4.15684443913246e-007,4.26827529643865e-001
3.20000000000000e+002	4.42935349182122e-007,4.40596159632349e-001
3.30000000000000e+002	4.71051362544316e-007,4.54364789620831e-001
3.40000000000000e+002	5.00032484006497e-007,4.68133419609310e-001
3.50000000000000e+002	5.29878713609871e-007,4.81902049597786e-001
3.60000000000000e+002	5.60590051352464e-007,4.95670679586260e-001
3.70000000000000e+002	5.92166497189125e-007,5.09439309574730e-001
3.80000000000000e+002	6.24608050987112e-007,5.23207939563198e-001
3.90000000000000e+002	6.57914713003496e-007,5.36976569551662e-001
4.00000000000000e+002	6.92086483130200e-007,5.50745199540123e-001
4.10000000000000e+002	7.27123361349197e-007,5.64513829528581e-001
4.20000000000000e+002	7.63025347632587e-007,5.78282459517036e-001
4.30000000000000e+002	7.99792442020314e-007,5.92051089505487e-001
4.40000000000000e+002	8.37424644586858e-007,6.05819719493935e-001
4.50000000000000e+002	8.75921955163680e-007,6.19588349482379e-001
4.60000000000000e+002	9.15284374016460e-007,6.33356979470819e-001
4.70000000000000e+002	9.55511900779279e-007,6.47125609459256e-001
4.80000000000000e+002	9.96604535709170e-007,6.60894239447689e-001
4.90000000000000e+002	1.03856227877574e-006,6.74662869436118e-001
5.00000000000000e+002	1.08138512992764e-006,6.88431499424543e-001
5.10000000000000e+002	1.12507308911470e-006,7.02200129412963e-001
5.20000000000000e+002	1.16962615648789e-006,7.15968759401380e-001
5.30000000000000e+002	1.21504433188849e-006,7.29737389389793e-001
5.40000000000000e+002	1.26132761544769e-006,7.43506019378201e-001
5.50000000000000e+002	1.30847600712029e-006,7.57274649366605e-001
5.60000000000000e+002	1.35648950690669e-006,7.71043279355004e-001
5.70000000000000e+002	1.40536811485297e-006,7.84811909343399e-001
5.80000000000000e+002	1.45511183069555e-006,7.98580539331789e-001
5.90000000000000e+002	1.50572065479382e-006,8.12349169320174e-001
6.00000000000000e+002	1.55719458715312e-006,8.26117799308554e-001
6.10000000000000e+002	1.60953362724711e-006,8.39886429296931e-001
6.20000000000000e+002	1.66273777570532e-006,8.53655059285301e-001
6.30000000000000e+002	1.71680703209271e-006,8.67423689273667e-001
6.40000000000000e+002	1.77174139679699e-006,8.81192319262027e-001
6.50000000000000e+002	1.82754086951882e-006,8.94960949250382e-001
6.60000000000000e+002	1.88420545042633e-006,9.08729579238732e-001
6.70000000000000e+002	1.94173513928924e-006,9.22498209227077e-001
6.80000000000000e+002	2.00012993627815e-006,9.36266839215416e-001
6.90000000000000e+002	2.05938984116524e-006,9.50035469203750e-001
7.00000000000000e+002	2.11951485452325e-006,9.63804099192077e-001
7.10000000000000e+002	2.18050497572714e-006,9.77572729180399e-001
7.20000000000000e+002	2.24236020544092e-006,9.91341359168716e-001
7.30000000000000e+002	2.30508054286438e-006,1.00510998915703e+000
7.40000000000000e+002	2.36866598848636e-006,1.01887861914533e+000
7.50000000000000e+002	2.43311654208642e-006,1.03264724913363e+000
7.60000000000000e+002	2.49843220393382e-006,1.04641587912192e+000
7.70000000000000e+002	2.56461297394379e-006,1.06018450911021e+000
7.80000000000000e+002	2.63165885203280e-006,1.07395313909849e+000
7.90000000000000e+002	2.69956983842939e-006,1.08772176908676e+000
8.00000000000000e+002	2.76834593234195e-006,1.10149039907503e+000
8.10000000000000e+002	2.83798713480085e-006,1.11525902906329e+000
8.20000000000000e+002	2.90849344523897e-006,1.12902765905154e+000
8.30000000000000e+002	2.97986486362334e-006,1.14279628903979e+000
8.40000000000000e+002	3.05210139049951e-006,1.15656491902803e+000
8.50000000000000e+002	3.12520302543729e-006,1.17033354901627e+000
8.60000000000000e+002	3.19916976800771e-006,1.18410217900449e+000
8.70000000000000e+002	3.27400161911530e-006,1.19787080899271e+000
8.80000000000000e+002	3.34969857820030e-006,1.21163943898092e+000
8.90000000000000e+002	3.42626064545918e-006,1.22540806896913e+000
9.00000000000000e+002	3.50368782082316e-006,1.23917669895733e+000
9.10000000000000e+002	3.58198010422467e-006,1.25294532894552e+000
9.20000000000000e+002	3.66113749559741e-006,1.26671395893370e+000
9.30000000000000e+002	3.74115999532037e-006,1.28048258892188e+000
9.40000000000000e+002	3.82204760328529e-006,1.29425121891005e+000
9.50000000000000e+002	3.90380031854135e-006,1.30801984889821e+000
9.60000000000000e+002	3.98641814280353e-006,1.32178847888636e+000
9.70000000000000e+002	4.06990107467937e-006,1.33555710887451e+000
9.80000000000000e+002	4.15424911482048e-006,1.34932573886264e+000
9.90000000000000e+002	4.23946226361325e-006,1.36309436885077e+000
1.00000000000000e+003	4.32554051966892e-006,1.37686299883889e+000
1.01000000000000e+003	4.41248388382043e-006,1.39063162882701e+000
1.02000000000000e+003	4.50029235645785e-006,1.40440025881511e+000
1.03000000000000e+003	4.58896593717311e-006,1.41816888880321e+000
1.04000000000000e+003	4.67850462573702e-006,1.43193751879130e+000
1.05000000000000e+003	4.76890842272098e-006,1.44570614877938e+000
1.06000000000000e+003	4.86017732772062e-006,1.45947477876745e+000
1.07000000000000e+003	4.95231134033278e-006,1.47324340875551e+000
1.08000000000000e+003	5.04531046175430e-006,1.48701203874356e+000
1.09000000000000e+003	5.13917469131802e-006,1.50078066873161e+000
1.10000000000000e+003	5.23390402844688e-006,1.51454929871964e+000
1.11000000000000e+003	5.32949847380845e-006,1.52831792870767e+000
1.12000000000000e+003	5.42595802753866e-006,1.54208655869569e+000
1.13000000000000e+003	5.52328268897529e-006,1.55585518868370e+000
1.14000000000000e+003	5.62147245914490e-006,1.56962381867170e+000
1.15000000000000e+003	5.72052733712128e-006,1.58339244865969e+000
1.16000000000000e+003	5.82044732268999e-006,1.59716107864767e+000
1.17000000000000e+003	5.92123241670365e-006,1.61092970863564e+000
1.18000000000000e+003	6.02288261886145e-006,1.62469833862360e+000
1.19000000000000e+003	6.12539792930795e-006,1.63846696861155e+000
1.20000000000000e+003	6.22877834801123e-006,1.65223559859950e+000
1.21000000000000e+003	6.33302387458540e-006,1.66600422858743e+000
1.22000000000000e+003	6.43813450900102e-006,1.67977285857535e+000
1.23000000000000e+003	6.54411025194046e-006,1.69354148856327e+000
1.24000000000000e+003	6.65095110275503e-006,1.70731011855117e+000
1.25000000000000e+003	6.75865706124136e-006,1.72107874853906e+000
1.26000000000000e+003	6.86722812852958e-006,1.73484737852694e+000
1.27000000000000e+003	6.97666430335299e-006,1.74861600851482e+000
1.28000000000000e+003	7.08696558693298e-006,1.76238463850268e+000
1.29000000000000e+003	7.19813197827176e-006,1.77615326849053e+000
1.30000000000000e+003	7.31016347743855e-006,1.78992189847837e+000
1.31000000000000e+003	7.42306008485911e-006,1.80369052846620e+000
1.32000000000000e+003	7.53682180078276e-006,1.81745915845402e+000
1.33000000000000e+003	7.65144862457190e-006,1.83122778844183e+000
1.34000000000000e+003	7.76694055638949e-006,1.84499641842963e+000
1.35000000000000e+003	7.88329759666620e-006,1.85876504841742e+000
1.36000000000000e+003	8.00051974467929e-006,1.87253367840519e+000
1.37000000000000e+003	8.11860700095069e-006,1.88630230839296e+000
1.38000000000000e+003	8.23755936591475e-006,1.90007093838071e+000
1.39000000000000e+003	8.35737683743133e-006,1.91383956836846e+000
1.40000000000000e+003	8.47805941851298e-006,1.92760819835619e+000
1.41000000000000e+003	8.59960710666673e-006,1.94137682834391e+000
1.42000000000000e+003	8.72201990366411e-006,1.95514545833162e+000
1.43000000000000e+003	8.84529780719228e-006,1.96891408831931e+000
1.44000000000000e+003	8.96944082097923e-006,1.98268271830700e+000
1.45000000000000e+003	9.09444894253693e-006,1.99645134829467e+000
1.46000000000000e+003	9.22032217062204e-006,2.01021997828233e+000
1.47000000000000e+003	9.34706050754513e-006,2.02398860826998e+000
1.48000000000000e+003	9.47466395330877e-006,2.03775723825762e+000
1.49000000000000e+003	9.60313250685096e-006,2.05152586824525e+000
1.50000000000000e+003	9.73246616870959e-006,2.06529449823286e+000
1.51000000000000e+003	9.86266493889093e-006,2.07906312822046e+000
1.52000000000000e+003	9.99372881544847e-006,2.09283175820805e+000
1.53000000000000e+003	1.01256578014107e-005,2.10660038819563e+000
1.54000000000000e+003	1.02584518951889e-005,2.12036901818319e+000
1.55000000000000e+003	1.03921110976824e-005,2.13413764817074e+000
1.56000000000000e+003	1.05266354073048e-005,2.14790627815828e+000
1.57000000000000e+003	1.06620248258462e-005,2.16167490814581e+000
1.58000000000000e+003	1.07982793527884e-005,2.17544353813332e+000
1.59000000000000e+003	1.09353989865490e-005,2.18921216812082e+000
1.60000000000000e+003	1.10733837290991e-005,2.20298079810831e+000
1.61000000000000e+003	1.12122335801021e-005,2.21674942809579e+000
1.62000000000000e+003	1.13519485394001e-005,2.23051805808325e+000
1.63000000000000e+003	1.14925286059483e-005,2.24428668807070e+000
1.64000000000000e+003	1.16339737803018e-005,2.25805531805813e+000
1.65000000000000e+003	1.17762840637276e-005,2.27182394804555e+000
1.66000000000000e+003	1.19194594553622e-005,2.28559257803296e+000
1.67000000000000e+003	1.20634999550539e-005,2.29936120802036e+000
1.68000000000000e+003	1.22084055614087e-005,2.31312983800774e+000
1.69000000000000e+003	1.23541762765867e-005,2.32689846799510e+000
1.70000000000000e+003	1.25008121009728e-005,2.34066709798246e+000
1.71000000000000e+003	1.26483130317556e-005,2.35443572796980e+000
1.72000000000000e+003	1.27966790718094e-005,2.36820435795712e+000
1.73000000000000e+003	1.29459102209899e-005,2.38197298794443e+000
1.74000000000000e+003	1.30960064757789e-005,2.39574161793173e+000
1.75000000000000e+003	1.32469678408307e-005,2.40951024791902e+000
1.76000000000000e+003	1.33987943128071e-005,2.42327887790629e+000
1.77000000000000e+003	1.35514858931677e-005,2.43704750789354e+000
1.78000000000000e+003	1.37050425821293e-005,2.45081613788078e+000
1.79000000000000e+003	1.38594643781340e-005,2.46458476786801e+000
1.80000000000000e+003	1.40147512826449e-005,2.47835339785522e+000
1.81000000000000e+003	1.41709032946391e-005,2.49212202784241e+000
1.82000000000000e+003	1.43279204164705e-005,2.50589065782960e+000
1.83000000000000e+003	1.44858026444541e-005,2.51965928781676e+000
1.84000000000000e+003	1.46445499820121e-005,2.53342791780392e+000
1.85000000000000e+003	1.48041624283041e-005,2.54719654779105e+000
1.86000000000000e+003	1.49646399808927e-005,2.56096517777818e+000
1.87000000000000e+003	1.51259826424930e-005,2.57473380776528e+000
1.88000000000000e+003	1.52881904117355e-005,2.58850243775237e+000
1.89000000000000e+003	1.54512632897390e-005,2.60227106773945e+000
1.90000000000000e+003	1.56152012751368e-005,2.61603969772651e+000
1.91000000000000e+003	1.57800043681620e-005,2.62980832771356e+000
1.92000000000000e+003	1.59456725699368e-005,2.64357695770059e+000
1.93000000000000e+003	1.61122058796313e-005,2.65734558768760e+000
1.94000000000000e+003	1.62796042985478e-005,2.67111421767460e+000
1.95000000000000e+003	1.64478678249705e-005,2.68488284766158e+000
1.96000000000000e+003	1.66169964584279e-005,2.69865147764855e+000
1.97000000000000e+003	1.67869902012923e-005,2.71242010763550e+000
1.98000000000000e+003	1.69578490520289e-005,2.72618873762243e+000
1.99000000000000e+003	1.71295730105255e-005,2.73995736760935e+000
2.00000000000000e+003	1.73021620763155e-005,2.75372599759625e+000
2.01000000000000e+003	1.74756162510655e-005,2.76749462758314e+000
2.02000000000000e+003	1.76499355355550e-005,2.78126325757001e+000
2.03000000000000e+003	1.78251199248804e-005,2.79503188755686e+000
2.04000000000000e+003	1.80011694251528e-005,2.80880051754370e+000
2.05000000000000e+003	1.81780840316486e-005,2.82256914753052e+000
2.06000000000000e+003	1.83558637478169e-005,2.83633777751732e+000
2.07000000000000e+003	1.85345085712459e-005,2.85010640750411e+000
2.08000000000000e+003	1.87140185025448e-005,2.86387503749088e+000
2.09000000000000e+003	1.88943935432123e-005,2.87764366747763e+000
2.10000000000000e+003	1.90756336895968e-005,2.89141229746437e+000
2.11000000000000e+003	1.92577389455088e-005,2.90518092745108e+000
2.12000000000000e+003	1.94407093092533e-005,2.91894955743779e+000
2.13000000000000e+003	1.96245447818008e-005,2.93271818742447e+000
2.14000000000000e+003	1.98092453614587e-005,2.94648681741114e+000
2.15000000000000e+003	1.99948110499108e-005,2.96025544739779e+000
2.16000000000000e+003	2.01812418472433e-005,2.97402407738442e+000
2.17000000000000e+003	2.03685377510566e-005,2.98779270737103e+000
2.18000000000000e+003	2.05566987646369e-005,3.00156133735763e+000
2.19000000000000e+003	2.07457248841660e-005,3.01532996734420e+000
2.20000000000000e+003	2.09356161136432e-005,3.02909859733077e+000
2.21000000000000e+003	2.11263724504961e-005,3.04286722731731e+000
2.22000000000000e+003	2.13179938953513e-005,3.05663585730383e+000
2.23000000000000e+003	2.15104804491917e-005,3.07040448729034e+000
2.24000000000000e+003	2.17038321090936e-005,3.08417311727683e+000
2.25000000000000e+003	2.18980488783517e-005,3.09794174726330e+000
2.26000000000000e+003	2.20931307568869e-005,3.11171037724975e+000
2.27000000000000e+003	2.22890777414238e-005,3.12547900723618e+000
2.28000000000000e+003	2.24858898354384e-005,3.13924763722260e+000
2.29000000000000e+003	2.26835670367236e-005,3.15301626720900e+000
2.30000000000000e+003	2.28821093471593e-005,3.16678489719537e+000
2.31000000000000e+003	2.30815167648961e-005,3.18055352718173e+000
2.32000000000000e+003	2.32817892912833e-005,3.19432215716807e+000
2.33000000000000e+003	2.34829269241187e-005,3.20809078715439e+000
2.34000000000000e+003	2.36849296667081e-005,3.22185941714070e+000
2.35000000000000e+003	2.38877975179178e-005,3.23562804712698e+000
2.36000000000000e+003	2.40915304757267e-005,3.24939667711324e+000
2.37000000000000e+003	2.42961285429115e-005,3.26316530709949e+000
2.38000000000000e+003	2.45015917169208e-005,3.27693393708571e+000
2.39000000000000e+003	2.47079200001785e-005,3.29070256707192e+000
2.40000000000000e+003	2.49151133912016e-005,3.30447119705810e+000
2.41000000000000e+003	2.51231718895740e-005,3.31823982704427e+000
2.42000000000000e+003	2.53320954963022e-005,3.33200845703042e+000
2.43000000000000e+003	2.55418842131042e-005,3.34577708701654e+000
2.44000000000000e+003	2.57525380349492e-005,3.35954571700265e+000
2.45000000000000e+003	2.59640569667553e-005,3.37331434698874e+000
2.46000000000000e+003	2.61764410056258e-005,3.38708297697481e+000
2.47000000000000e+003	2.63896901539943e-005,3.40085160696086e+000
2.48000000000000e+003	2.66038044100323e-005,3.41462023694688e+000
2.49000000000000e+003	2.68187837726231e-005,3.42838886693289e+000
2.50000000000000e+003	2.70346282452698e-005,3.44215749691888e+000
2.51000000000000e+003	2.72513378247267e-005,3.45592612690485e+000
2.52000000000000e+003	2.74689125127229e-005,3.46969475689079e+000
2.53000000000000e+003	2.76873523081466e-005,3.48346338687672e+000
2.54000000000000e+003	2.79066572130848e-005,3.49723201686262e+000
2.55000000000000e+003	2.81268272254803e-005,3.51100064684851e+000
2.56000000000000e+003	2.83478623451343e-005,3.52476927683437e+000
2.57000000000000e+003	2.85697625761121e-005,3.53853790682021e+000
2.58000000000000e+003	2.87925279105325e-005,3.55230653680603e+000
2.59000000000000e+003	2.90161583555679e-005,3.56607516679183e+000
2.60000000000000e+003	2.92406539097969e-005,3.57984379677761e+000
2.61000000000000e+003	2.94660145710470e-005,3.59361242676337e+000
2.62000000000000e+003	2.96922403385746e-005,3.60738105674911e+000
2.63000000000000e+003	2.99193312160281e-005,3.62114968673483e+000
2.64000000000000e+003	3.01472872015868e-005,3.63491831672052e+000
2.65000000000000e+003	3.03761082963599e-005,3.64868694670619e+000
2.66000000000000e+003	3.06057944977620e-005,3.66245557669184e+000
2.67000000000000e+003	3.08363458065216e-005,3.67622420667747e+000
2.68000000000000e+003	3.10677622252474e-005,3.68999283666308e+000
2.69000000000000e+003	3.13000437498323e-005,3.70376146664867e+000
2.70000000000000e+003	3.15331903836413e-005,3.71753009663423e+000
2.71000000000000e+003	3.17672021259308e-005,3.73129872661977e+000
2.72000000000000e+003	3.20020789774638e-005,3.74506735660529e+000
2.73000000000000e+003	3.22378209359677e-005,3.75883598659079e+000
2.74000000000000e+003	3.24744280018123e-005,3.77260461657626e+000
2.75000000000000e+003	3.27119001761402e-005,3.78637324656172e+000
2.76000000000000e+003	3.29502374589555e-005,3.80014187654715e+000
2.77000000000000e+003	3.31894398483302e-005,3.81391050653256e+000
2.78000000000000e+003	3.34295073485137e-005,3.82767913651794e+000
2.79000000000000e+003	3.36704399552538e-005,3.84144776650330e+000
2.80000000000000e+003	3.39122376693151e-005,3.85521639648864e+000
2.81000000000000e+003	3.41549004918651e-005,3.86898502647396e+000
2.82000000000000e+003	3.43984284248753e-005,3.88275365645926e+000
2.83000000000000e+003	3.46428214636328e-005,3.89652228644453e+000
2.84000000000000e+003	3.48880796100937e-005,3.91029091642978e+000
2.85000000000000e+003	3.51342028666394e-005,3.92405954641500e+000
2.86000000000000e+003	3.53811912304978e-005,3.93782817640020e+000
2.87000000000000e+003	3.56290447028618e-005,3.95159680638538e+000
2.88000000000000e+003	3.58777632813247e-005,3.96536543637054e+000
2.89000000000000e+003	3.61273469686879e-005,3.97913406635567e+000
2.90000000000000e+003	3.63777957669828e-005,3.99290269634078e+000
2.91000000000000e+003	3.66291096717729e-005,4.00667132632586e+000
2.92000000000000e+003	3.68812886810044e-005,4.02043995631092e+000
2.93000000000000e+003	3.71343328019977e-005,4.03420858629596e+000
2.94000000000000e+003	3.73882420294583e-005,4.04797721628097e+000
2.95000000000000e+003	3.76430163666618e-005,4.06174584626596e+000
2.96000000000000e+003	3.78986558115603e-005,4.07551447625093e+000
2.97000000000000e+003	3.81551603645639e-005,4.08928310623587e+000
2.98000000000000e+003	3.84125300244253e-005,4.10305173622078e+000
2.99000000000000e+003	3.86707647948863e-005,4.11682036620568e+000
3.00000000000000e+003	3.89298646717867e-005,4.13058899619054e+000
3.01000000000000e+003	3.91898296572093e-005,4.14435762617539e+000
3.02000000000000e+003	3.94506597494730e-005,4.15812625616021e+000
3.03000000000000e+003	3.97123549519470e-005,4.17189488614500e+000
3.04000000000000e+003	3.99749152616835e-005,4.18566351612977e+000
3.05000000000000e+003	4.02383406778230e-005,4.19943214611451e+000
3.06000000000000e+003	4.05026312046179e-005,4.21320077609923e+000
3.07000000000000e+003	4.07677868378102e-005,4.22696940608393e+000
3.08000000000000e+003	4.10338075799613e-005,4.24073803606860e+000
3.09000000000000e+003	4.13006934284932e-005,4.25450666605324e+000
3.10000000000000e+003	4.15684443872815e-005,4.26827529603787e+000
3.11000000000000e+003	4.18370604546114e-005,4.28204392602246e+000
3.12000000000000e+003	4.21065416274404e-005,4.29581255600703e+000
3.13000000000000e+003	4.23768879105466e-005,4.30958118599157e+000
3.14000000000000e+003	4.26480993021988e-005,4.32334981597609e+000
3.15000000000000e+003	4.29201757993247e-005,4.33711844596058e+000
3.16000000000000e+003	4.31931174058671e-005,4.35088707594505e+000
3.17000000000000e+003	4.34669241209541e-005,4.36465570592949e+000
3.18000000000000e+003	4.37415959441461e-005,4.37842433591391e+000
3.19000000000000e+003	4.40171328749981e-005,4.39219296589830e+000
3.20000000000000e+003	4.42935349143988e-005,4.40596159588266e+000
3.21000000000000e+003	4.45708020628002e-005,4.41973022586699e+000
3.22000000000000e+003	4.48489343161675e-005,4.43349885585131e+000
3.23000000000000e+003	4.51279316816816e-005,4.44726748583559e+000
3.24000000000000e+003	4.54077941521477e-005,4.46103611581985e+000
3.25000000000000e+003	4.56885217325242e-005,4.47480474580408e+000
3.26000000000000e+003	4.59701144191892e-005,4.48857337578829e+000
3.27000000000000e+003	4.62525722148632e-005,4.50234200577247e+000
3.28000000000000e+003	4.65358951195548e-005,4.51611063575662e+000
3.29000000000000e+003	4.68200831305180e-005,4.52987926574074e+000
3.30000000000000e+003	4.71051362514196e-005,4.54364789572484e+000
3.31000000000000e+003	4.73910544795053e-005,4.55741652570892e+000
3.32000000000000e+003	4.76778378161564e-005,4.57118515569296e+000
3.33000000000000e+003	4.79654862613770e-005,4.58495378567698e+000
3.34000000000000e+003	4.82539998119097e-005,4.59872241566097e+000
3.35000000000000e+003	4.85433784742723e-005,4.61249104564493e+000
3.36000000000000e+003	4.88336222438108e-005,4.62625967562887e+000
3.37000000000000e+003	4.91247311195764e-005,4.64002830561278e+000
3.38000000000000e+003	4.94167051053247e-005,4.65379693559666e+000
3.39000000000000e+003	4.97095441982350e-005,4.66756556558051e+000
3.40000000000000e+003	5.00032483982987e-005,4.68133419556434e+000
3.41000000000000e+003	5.02978177064591e-005,4.69510282554814e+000
3.42000000000000e+003	5.05932521255789e-005,4.70887145553191e+000
3.43000000000000e+003	5.08895516504193e-005,4.72264008551565e+000
3.44000000000000e+003	5.11867162852788e-005,4.73640871549936e+000
3.45000000000000e+003	5.14847460272862e-005,4.75017734548305e+000
3.46000000000000e+003	5.17836408759505e-005,4.76394597546671e+000
3.47000000000000e+003	5.20834008346477e-005,4.77771460545034e+000
3.48000000000000e+003	5.23840258985396e-005,4.79148323543394e+000
3.49000000000000e+003	5.26855160734440e-005,4.80525186541751e+000
3.50000000000000e+003	5.29878713559677e-005,4.81902049540106e+000
3.51000000000000e+003	5.32910917475759e-005,4.83278912538457e+000
3.52000000000000e+003	5.35951772448390e-005,4.84655775536806e+000
3.53000000000000e+003	5.39001278531536e-005,4.86032638535152e+000
3.54000000000000e+003	5.42059435656306e-005,4.87409501533496e+000
3.55000000000000e+003	5.45126243911511e-005,4.88786364531835e+000
3.56000000000000e+003	5.48201703213139e-005,4.90163227530173e+000
3.57000000000000e+003	5.51285813580818e-005,4.91540090528507e+000
3.58000000000000e+003	5.54378575054380e-005,4.92916953526839e+000
3.59000000000000e+003	5.57479987608990e-005,4.94293816525167e+000
3.60000000000000e+003	5.60590051254696e-005,4.95670679523492e+000
3.61000000000000e+003	5.63708765956322e-005,4.97047542521815e+000
3.62000000000000e+003	5.66836131759117e-005,4.98424405520135e+000
3.63000000000000e+003	5.69972148637924e-005,4.99801268518452e+000
3.64000000000000e+003	5.73116816582545e-005,5.01178131516766e+000
3.65000000000000e+003	5.76270135623408e-005,5.02554994515076e+000
3.66000000000000e+003	5.79432105745319e-005,5.03931857513384e+000
3.67000000000000e+003	5.82602726963640e-005,5.05308720511689e+000
3.68000000000000e+003	5.85781999237423e-005,5.06685583509991e+000
3.69000000000000e+003	5.88969922597346e-005,5.08062446508290e+000
3.70000000000000e+003	5.92166497027967e-005,5.09439309506586e+000
3.71000000000000e+003	5.95371722555080e-005,5.10816172504879e+000
3.72000000000000e+003	5.98585599173621e-005,5.12193035503169e+000
3.73000000000000e+003	6.01808126852451e-005,5.13569898501456e+000
3.74000000000000e+003	6.05039305627928e-005,5.14946761499739e+000
3.75000000000000e+003	6.08279135458322e-005,5.16323624498020e+000
3.76000000000000e+003	6.11527616390637e-005,5.17700487496298e+000
3.77000000000000e+003	6.14784748414519e-005,5.19077350494572e+000
3.78000000000000e+003	6.18050531482589e-005,5.20454213492844e+000
3.79000000000000e+003	6.21324965658007e-005,5.21831076491112e+000
3.80000000000000e+003	6.24608050914472e-005,5.23207939489378e+000
3.81000000000000e+003	6.27899787251986e-005,5.24584802487640e+000
3.82000000000000e+003	6.31200174638572e-005,5.25961665485899e+000
3.83000000000000e+003	6.34509213164815e-005,5.27338528484155e+000
3.84000000000000e+003	6.37826902729388e-005,5.28715391482408e+000
3.85000000000000e+003	6.41153243380296e-005,5.30092254480658e+000
3.86000000000000e+003	6.44488235139123e-005,5.31469117478904e+000
3.87000000000000e+003	6.47831877957484e-005,5.32845980477148e+000
3.88000000000000e+003	6.51184171867692e-005,5.34222843475388e+000
3.89000000000000e+003	6.54545116848122e-005,5.35599706473625e+000
3.90000000000000e+003	6.57914712871484e-005,5.36976569471859e+000
3.91000000000000e+003	6.61292960057497e-005,5.38353432470090e+000
3.92000000000000e+003	6.64679858302876e-005,5.39730295468318e+000
3.93000000000000e+003	6.68075407558109e-005,5.41107158466542e+000
3.94000000000000e+003	6.71479607965570e-005,5.42484021464763e+000
3.95000000000000e+003	6.74892459437631e-005,5.43860884462981e+000
3.96000000000000e+003	6.78313961982452e-005,5.45237747461196e+000
3.97000000000000e+003	6.81744115613817e-005,5.46614610459408e+000
3.98000000000000e+003	6.85182920337321e-005,5.47991473457616e+000
3.99000000000000e+003	6.88630376144698e-005,5.49368336455821e+000
4.00000000000000e+003	6.92086482988534e-005,5.50745199454023e+000
4.01000000000000e+003	6.95551240966397e-005,5.52122062452222e+000
4.02000000000000e+003	6.99024649988951e-005,5.53498925450417e+000
4.03000000000000e+003	7.02506710106525e-005,5.54875788448609e+000
4.04000000000000e+003	7.05997421296677e-005,5.56252651446798e+000
4.05000000000000e+003	7.09496783584772e-005,5.57629514444983e+000
4.06000000000000e+003	7.13004796965271e-005,5.59006377443165e+000
4.07000000000000e+003	7.16521461384314e-005,5.60383240441344e+000
4.08000000000000e+003	7.20046776935508e-005,5.61760103439520e+000
4.09000000000000e+003	7.23580743533639e-005,5.63136966437692e+000
4.10000000000000e+003	7.27123361187034e-005,5.64513829435861e+000
4.11000000000000e+003	7.30674629967181e-005,5.65890692434026e+000
4.12000000000000e+003	7.34234549808313e-005,5.67267555432188e+000
4.13000000000000e+003	7.37803120721808e-005,5.68644418430347e+000
4.14000000000000e+003	7.41380342733594e-005,5.70021281428503e+000
4.15000000000000e+003	7.44966215835109e-005,5.71398144426655e+000
4.16000000000000e+003	7.48560740009011e-005,5.72775007424804e+000
4.17000000000000e+003	7.52163915243594e-005,5.74151870422949e+000
4.18000000000000e+003	7.55775741567876e-005,5.75528733421091e+000
4.19000000000000e+003	7.59396218987762e-005,5.76905596419229e+000
4.20000000000000e+003	7.63025347471130e-005,5.78282459417364e+000
4.21000000000000e+003	7.66663127076591e-005,5.79659322415496e+000
4.22000000000000e+003	7.70309557733786e-005,5.81036185413624e+000
4.23000000000000e+003	7.73964639436605e-005,5.82413048411749e+000
4.24000000000000e+003	7.77628372291274e-005,5.83789911409870e+000
4.25000000000000e+003	7.81300756176745e-005,5.85166774407988e+000
4.26000000000000e+003	7.84981791166950e-005,5.86543637406102e+000
4.27000000000000e+003	7.88671477214400e-005,5.87920500404213e+000
4.28000000000000e+003	7.92369814366698e-005,5.89297363402320e+000
4.29000000000000e+003	7.96076802582115e-005,5.90674226400425e+000
4.30000000000000e+003	7.99792441893521e-005,5.92051089398525e+000
4.31000000000000e+003	8.03516732264941e-005,5.93427952396622e+000
4.32000000000000e+003	8.07249673765540e-005,5.94804815394716e+000
4.33000000000000e+003	8.10991266283894e-005,5.96181678392805e+000
4.34000000000000e+003	8.14741509895250e-005,5.97558541390892e+000
4.35000000000000e+003	8.18500404633073e-005,5.98935404388974e+000
4.36000000000000e+003	8.22267950436844e-005,6.00312267387053e+000
4.37000000000000e+003	8.26044147285123e-005,6.01689130385129e+000
4.38000000000000e+003	8.29828995247932e-005,6.03065993383202e+000
4.39000000000000e+003	8.33622494264255e-005,6.04442856381270e+000
4.40000000000000e+003	8.37424644373801e-005,6.05819719379335e+000
4.41000000000000e+003	8.41235445610496e-005,6.07196582377397e+000
4.42000000000000e+003	8.45054897838990e-005,6.08573445375454e+000
4.43000000000000e+003	8.48883001234819e-005,6.09950308373509e+000
4.44000000000000e+003	8.52719755665390e-005,6.11327171371560e+000
4.45000000000000e+003	8.56565161189367e-005,6.12704034369606e+000
4.46000000000000e+003	8.60419217791280e-005,6.14080897367650e+000
4.47000000000000e+003	8.64281925480459e-005,6.15457760365690e+000
4.48000000000000e+003	8.68153284188194e-005,6.16834623363725e+000
4.49000000000000e+003	8.72033294061278e-005,6.18211486361758e+000
4.50000000000000e+003	8.75921955018658e-005,6.19588349359787e+000
4.51000000000000e+003	8.79819266997434e-005,6.20965212357812e+000
4.52000000000000e+003	8.83725230079186e-005,6.22342075355833e+000
4.53000000000000e+003	8.87639844245102e-005,6.23718938353851e+000
4.54000000000000e+003	8.91563109498370e-005,6.25095801351865e+000
4.55000000000000e+003	8.95495025858074e-005,6.26472664349876e+000
4.56000000000000e+003	8.99435593244859e-005,6.27849527347882e+000
4.57000000000000e+003	9.03384811731690e-005,6.29226390345885e+000
4.58000000000000e+003	9.07342681296332e-005,6.30603253343885e+000
4.59000000000000e+003	9.11309202002797e-005,6.31980116341880e+000
4.60000000000000e+003	9.15284373732757e-005,6.33356979339871e+000
4.61000000000000e+003	9.19268196563017e-005,6.34733842337860e+000
4.62000000000000e+003	9.23260670406683e-005,6.36110705335844e+000
4.63000000000000e+003	9.27261795402199e-005,6.37487568333824e+000
4.64000000000000e+003	9.31271571472342e-005,6.38864431331801e+000
4.65000000000000e+003	9.35289998636530e-005,6.40241294329774e+000
4.66000000000000e+003	9.39317076820086e-005,6.41618157327743e+000
4.67000000000000e+003	9.43352806097536e-005,6.42995020325708e+000
4.68000000000000e+003	9.47397186527725e-005,6.44371883323669e+000
4.69000000000000e+003	9.51450217990068e-005,6.45748746321627e+000
4.70000000000000e+003	9.55511900549820e-005,6.47125609319581e+000
4.71000000000000e+003	9.59582234147946e-005,6.48502472317531e+000
4.72000000000000e+003	9.63661218886242e-005,6.49879335315477e+000
4.73000000000000e+003	9.67748854676000e-005,6.51256198313420e+000
4.74000000000000e+003	9.71845141500495e-005,6.52633061311358e+000
4.75000000000000e+003	9.75950079485350e-005,6.54009924309293e+000
4.76000000000000e+003	9.80063668508209e-005,6.55386787307223e+000
4.77000000000000e+003	9.84185908618711e-005,6.56763650305150e+000
4.78000000000000e+003	9.88316799836905e-005,6.58140513303073e+000
4.79000000000000e+003	9.92456342112837e-005,6.59517376300993e+000
4.80000000000000e+003	9.96604535456405e-005,6.60894239298907e+000
4.81000000000000e+003	1.00076137986417e-004,6.62271102296819e+000
4.82000000000000e+003	1.00492687537638e-004,6.63647965294726e+000
4.83000000000000e+003	1.00910102199317e-004,6.65024828292630e+000
4.84000000000000e+003	1.01328381968769e-004,6.66401691290529e+000
4.85000000000000e+003	1.01747526844299e-004,6.67778554288424e+000
4.86000000000000e+003	1.02167536827591e-004,6.69155417286316e+000
4.87000000000000e+003	1.02588411918302e-004,6.70532280284204e+000
4.88000000000000e+003	1.03010152122215e-004,6.71909143282087e+000
4.89000000000000e+003	1.03432757427081e-004,6.73286006279967e+000
4.90000000000000e+003	1.03856227849948e-004,6.74662869277842e+000
4.91000000000000e+003	1.04280563370325e-004,6.76039732275714e+000
4.92000000000000e+003	1.04705764002906e-004,6.77416595273582e+000
4.93000000000000e+003	1.05131829741524e-004,6.78793458271445e+000
4.94000000000000e+003	1.05558760597540e-004,6.80170321269305e+000
4.95000000000000e+003	1.05986556550637e-004,6.81547184267161e+000
4.96000000000000e+003	1.06415217614589e-004,6.82924047265012e+000
4.97000000000000e+003	1.06844743791491e-004,6.84300910262860e+000
4.98000000000000e+003	1.07275135067826e-004,6.85677773260703e+000
4.99000000000000e+003	1.07706391460945e-004,6.87054636258543e+000
5.00000000000000e+003	1.08138512956251e-004,6.88431499256378e+000
5.01000000000000e+003	1.08571499562796e-004,6.89808362254210e+000
5.02000000000000e+003	1.09005351278497e-004,6.91185225252036e+000
5.03000000000000e+003	1.09440068098799e-004,6.92562088249859e+000
5.04000000000000e+003	1.09875650032822e-004,6.93938951247679e+000
5.05000000000000e+003	1.10312097067566e-004,6.95315814245493e+000
5.06000000000000e+003	1.10749409217811e-004,6.96692677243304e+000
5.07000000000000e+003	1.11187586470869e-004,6.98069540241111e+000
5.08000000000000e+003	1.11626628831670e-004,6.99446403238913e+000
5.09000000000000e+003	1.12066536304118e-004,7.00823266236712e+000
5.10000000000000e+003	1.12507308879339e-004,7.02200129234506e+000
5.11000000000000e+003	1.12948946569778e-004,7.03576992232296e+000
5.12000000000000e+003	1.13391449364406e-004,7.04953855230082e+000
5.13000000000000e+003	1.13834817266061e-004,7.06330718227863e+000
5.14000000000000e+003	1.14279050277248e-004,7.07707581225641e+000
5.15000000000000e+003	1.14724148394741e-004,7.09084444223414e+000
5.16000000000000e+003	1.15170111621770e-004,7.10461307221183e+000
5.17000000000000e+003	1.15616939959425e-004,7.11838170218948e+000
5.18000000000000e+003	1.16064633399409e-004,7.13215033216709e+000
5.19000000000000e+003	1.16513191956896e-004,7.14591896214466e+000
5.20000000000000e+003	1.16962615614165e-004,7.15968759212218e+000
5.21000000000000e+003	1.17412904381707e-004,7.17345622209966e+000
5.22000000000000e+003	1.17864058256259e-004,7.18722485207710e+000
5.23000000000000e+003	1.18316077242920e-004,7.20099348205449e+000
5.24000000000000e+003	1.18768961334770e-004,7.21476211203185e+000
5.25000000000000e+003	1.19222710536919e-004,7.22853074200915e+000
5.26000000000000e+003	1.19677324845710e-004,7.24229937198642e+000
5.27000000000000e+003	1.20132804254517e-004,7.25606800196365e+000
5.28000000000000e+003	1.20589148784658e-004,7.26983663194083e+000
5.29000000000000e+003	1.21046358414803e-004,7.28360526191797e+000
5.30000000000000e+003	1.21504433156739e-004,7.29737389189506e+000
5.31000000000000e+003	1.21963373004930e-004,7.31114252187211e+000
5.32000000000000e+003	1.22423177961592e-004,7.32491115184912e+000
5.33000000000000e+003	1.22883848026727e-004,7.33867978182608e+000
5.34000000000000e+003	1.23345383201082e-004,7.35244841180300e+000
5.35000000000000e+003	1.23807783479439e-004,7.36621704177988e+000
5.36000000000000e+003	1.24271048874861e-004,7.37998567175671e+000
5.37000000000000e+003	1.24735179367170e-004,7.39375430173351e+000
5.38000000000000e+003	1.25200174971315e-004,7.40752293171026e+000
5.39000000000000e+003	1.25666035686190e-004,7.42129156168696e+000
5.40000000000000e+003	1.26132761510678e-004,7.43506019166362e+000
5.41000000000000e+003	1.26600352442146e-004,7.44882882164024e+000
5.42000000000000e+003	1.27068808478320e-004,7.46259745161681e+000
5.43000000000000e+003	1.27538129621075e-004,7.47636608159333e+000
5.44000000000000e+003	1.28008315873817e-004,7.49013471156982e+000
5.45000000000000e+003	1.28479367243780e-004,7.50390334154625e+000
5.46000000000000e+003	1.28951283708163e-004,7.51767197152264e+000
5.47000000000000e+003	1.29424065290928e-004,7.53144060149899e+000
5.48000000000000e+003	1.29897711977606e-004,7.54520923147530e+000
5.49000000000000e+003	1.30372223773154e-004,7.55897786145156e+000
5.50000000000000e+003	1.30847600674120e-004,7.57274649142777e+000
5.51000000000000e+003	1.31323842680876e-004,7.58651512140395e+000
5.52000000000000e+003	1.31800949804191e-004,7.60028375138007e+000
5.53000000000000e+003	1.32278922029066e-004,7.61405238135615e+000
5.54000000000000e+003	1.32757759364741e-004,7.62782101133218e+000
5.55000000000000e+003	1.33237461809293e-004,7.64158964130817e+000
5.56000000000000e+003	1.33718029356135e-004,7.65535827128412e+000
5.57000000000000e+003	1.34199462019611e-004,7.66912690126002e+000
5.58000000000000e+003	1.34681759787700e-004,7.68289553123587e+000
5.59000000000000e+003	1.35164922662333e-004,7.69666416121168e+000
5.60000000000000e+003	1.35648950647019e-004,7.71043279118745e+000
5.61000000000000e+003	1.36133843738244e-004,7.72420142116316e+000
5.62000000000000e+003	1.36619601939137e-004,7.73797005113884e+000
5.63000000000000e+003	1.37106225249706e-004,7.75173868111446e+000
5.64000000000000e+003	1.37593713662091e-004,7.76550731109004e+000
5.65000000000000e+003	1.38082067187689e-004,7.77927594106558e+000
5.66000000000000e+003	1.38571285823367e-004,7.79304457104106e+000
5.67000000000000e+003	1.39061369559645e-004,7.80681320101650e+000
5.68000000000000e+003	1.39552318408368e-004,7.82058183099190e+000
5.69000000000000e+003	1.40044132363208e-004,7.83435046096725e+000
5.70000000000000e+003	1.40536811430121e-004,7.84811909094255e+000
5.71000000000000e+003	1.41030355607932e-004,7.86188772091781e+000
5.72000000000000e+003	1.41524764882290e-004,7.87565635089301e+000
5.73000000000000e+003	1.42020039274320e-004,7.88942498086818e+000
5.74000000000000e+003	1.42516178771259e-004,7.90319361084329e+000
5.75000000000000e+003	1.43013183379909e-004,7.91696224081836e+000
5.76000000000000e+003	1.43511053089039e-004,7.93073087079339e+000
5.77000000000000e+003	1.44009787910683e-004,7.94449950076836e+000
5.78000000000000e+003	1.44509387843656e-004,7.95826813074330e+000
5.79000000000000e+003	1.45009852882319e-004,7.97203676071817e+000
5.80000000000000e+003	1.45511183022209e-004,7.98580539069301e+000
5.81000000000000e+003	1.46013378279907e-004,7.99957402066779e+000
5.82000000000000e+003	1.46516438644503e-004,8.01334265064253e+000
5.83000000000000e+003	1.47020364106228e-004,8.02711128061723e+000
5.84000000000000e+003	1.47525154689878e-004,8.04087991059188e+000
5.85000000000000e+003	1.48030810373079e-004,8.05464854056647e+000
5.86000000000000e+003	1.48537331170095e-004,8.06841717054102e+000
5.87000000000000e+003	1.49044717066621e-004,8.08218580051552e+000
5.88000000000000e+003	1.49552968079844e-004,8.09595443048998e+000
5.89000000000000e+003	1.50062084200766e-004,8.10972306046438e+000
5.90000000000000e+003	1.50572065428151e-004,8.12349169043874e+000
5.91000000000000e+003	1.51082911763228e-004,8.13726032041305e+000
5.92000000000000e+003	1.51594623205994e-004,8.15102895038731e+000
5.93000000000000e+003	1.52107199758930e-004,8.16479758036152e+000
5.94000000000000e+003	1.52620641416244e-004,8.17856621033569e+000
5.95000000000000e+003	1.53134948184559e-004,8.19233484030980e+000
5.96000000000000e+003	1.53650120060148e-004,8.20610347028387e+000
5.97000000000000e+003	1.54166157047587e-004,8.21987210025789e+000
5.98000000000000e+003	1.54683059138136e-004,8.23364073023186e+000
5.99000000000000e+003	1.55200826338454e-004,8.24740936020579e+000
6.00000000000000e+003	1.55719458635575e-004,8.26117799017966e+000
6.01000000000000e+003	1.56238956057532e-004,8.27494662015348e+000
6.02000000000000e+003	1.56759318584251e-004,8.28871525012726e+000
6.03000000000000e+003	1.57280546217819e-004,8.30248388010098e+000
6.04000000000000e+003	1.57802638954016e-004,8.31625251007466e+000
6.05000000000000e+003	1.58325596798302e-004,8.33002114004829e+000
6.06000000000000e+003	1.58849419760822e-004,8.34378977002187e+000
6.07000000000000e+003	1.59374107824265e-004,8.35755839999539e+000
6.08000000000000e+003	1.59899660995807e-004,8.37132702996888e+000
6.09000000000000e+003	1.60426079281818e-004,8.38509565994230e+000
6.10000000000000e+003	1.60953362673396e-004,8.39886428991568e+000
6.11000000000000e+003	1.61481511167117e-004,8.41263291988902e+000
6.12000000000000e+003	1.62010524767649e-004,8.42640154986230e+000
6.13000000000000e+003	1.62540403480972e-004,8.44017017983553e+000
6.14000000000000e+003	1.63071147304966e-004,8.45393880980870e+000
6.15000000000000e+003	1.63602756233639e-004,8.46770743978184e+000
6.16000000000000e+003	1.64135230270842e-004,8.48147606975492e+000
6.17000000000000e+003	1.64668569413563e-004,8.49524469972795e+000
6.18000000000000e+003	1.65202773676878e-004,8.50901332970093e+000
6.19000000000000e+003	1.65737843030623e-004,8.52278195967386e+000
6.20000000000000e+003	1.66273777498930e-004,8.53655058964674e+000
6.21000000000000e+003	1.66810577080533e-004,8.55031921961957e+000
6.22000000000000e+003	1.67348241762873e-004,8.56408784959235e+000
6.23000000000000e+003	1.67886771557214e-004,8.57785647956507e+000
6.24000000000000e+003	1.68426166462269e-004,8.59162510953775e+000
6.25000000000000e+003	1.68966426474998e-004,8.60539373951037e+000
6.26000000000000e+003	1.69507551591034e-004,8.61916236948295e+000
6.27000000000000e+003	1.70049541823473e-004,8.63293099945547e+000
6.28000000000000e+003	1.70592397147824e-004,8.64669962942795e+000
6.29000000000000e+003	1.71136117595161e-004,8.66046825940037e+000
6.30000000000000e+003	1.71680703151055e-004,8.67423688937273e+000
6.31000000000000e+003	1.72226153807583e-004,8.68800551934505e+000
6.32000000000000e+003	1.72772469576173e-004,8.70177414931732e+000
6.33000000000000e+003	1.73319650447570e-004,8.71554277928954e+000
6.34000000000000e+003	1.73867696435018e-004,8.72931140926170e+000
6.35000000000000e+003	1.74416607520392e-004,8.74308003923381e+000
6.36000000000000e+003	1.74966383728490e-004,8.75684866920587e+000
6.37000000000000e+003	1.75517025034940e-004,8.77061729917789e+000
6.38000000000000e+003	1.76068531442813e-004,8.78438592914985e+000
6.39000000000000e+003	1.76620902972581e-004,8.79815455912175e+000
6.40000000000000e+003	1.77174139602879e-004,8.81192318909360e+000
6.41000000000000e+003	1.77728241344851e-004,8.82569181906540e+000
6.42000000000000e+003	1.78283208197170e-004,8.83946044903714e+000
6.43000000000000e+003	1.78839040148634e-004,8.85322907900884e+000
6.44000000000000e+003	1.79395737213125e-004,8.86699770898048e+000
6.45000000000000e+003	1.79953299378519e-004,8.88076633895207e+000
6.46000000000000e+003	1.80511726662809e-004,8.89453496892362e+000
6.47000000000000e+003	1.81071019058371e-004,8.90830359889510e+000
6.48000000000000e+003	1.81631176554824e-004,8.92207222886653e+000
6.49000000000000e+003	1.82192199158472e-004,8.93584085883791e+000
6.50000000000000e+003	1.82754086874298e-004,8.94960948880924e+000
6.51000000000000e+003	1.83316839692786e-004,8.96337811878051e+000
6.52000000000000e+003	1.83880457621186e-004,8.97714674875174e+000
6.53000000000000e+003	1.84444940661330e-004,8.99091537872290e+000
6.54000000000000e+003	1.85010288799092e-004,9.00468400869402e+000
6.55000000000000e+003	1.85576502055897e-004,9.01845263866508e+000
6.56000000000000e+003	1.86143580413951e-004,9.03222126863609e+000
6.57000000000000e+003	1.86711523885594e-004,9.04598989860704e+000
6.58000000000000e+003	1.87280332470395e-004,9.05975852857794e+000
6.59000000000000e+003	1.87850006150906e-004,9.07352715854878e+000
6.60000000000000e+003	1.88420544948711e-004,9.08729578851958e+000
6.61000000000000e+003	1.88991948846790e-004,9.10106441849032e+000
6.62000000000000e+003	1.89564217858039e-004,9.11483304846101e+000
6.63000000000000e+003	1.90137351981092e-004,9.12860167843164e+000
6.64000000000000e+003	1.90711351202534e-004,9.14237030840222e+000
6.65000000000000e+003	1.91286215539485e-004,9.15613893837274e+000
6.66000000000000e+003	1.91861944982686e-004,9.16990756834321e+000
6.67000000000000e+003	1.92438539528873e-004,9.18367619831363e+000
6.68000000000000e+003	1.93015999189671e-004,9.19744482828398e+000
6.69000000000000e+003	1.93594323952511e-004,9.21121345825430e+000
6.70000000000000e+003	1.94173513829048e-004,9.22498208822455e+000
6.71000000000000e+003	1.94753568815095e-004,9.23875071819474e+000
6.72000000000000e+003	1.95334488906440e-004,9.25251934816489e+000
6.73000000000000e+003	1.95916274096498e-004,9.26628797813497e+000
6.74000000000000e+003	1.96498924409674e-004,9.28005660810500e+000
6.75000000000000e+003	1.97082439831912e-004,9.29382523807498e+000
6.76000000000000e+003	1.97666820349067e-004,9.30759386804491e+000
6.77000000000000e+003	1.98252065980916e-004,9.32136249801477e+000
6.78000000000000e+003	1.98838176721340e-004,9.33513112798459e+000
6.79000000000000e+003	1.99425152569393e-004,9.34889975795434e+000
6.80000000000000e+003	2.00012993523651e-004,9.36266838792404e+000
6.81000000000000e+003	2.00601699594081e-004,9.37643701789369e+000
6.82000000000000e+003	2.01191270761214e-004,9.39020564786329e+000
6.83000000000000e+003	2.01781707042626e-004,9.40397427783281e+000
6.84000000000000e+003	2.02373008432620e-004,9.41774290780230e+000
6.85000000000000e+003	2.02965174929765e-004,9.43151153777172e+000
6.86000000000000e+003	2.03558206528791e-004,9.44528016774108e+000
6.87000000000000e+003	2.04152103244050e-004,9.45904879771040e+000
6.88000000000000e+003	2.04746865065978e-004,9.47281742767965e+000
6.89000000000000e+003	2.05342491993127e-004,9.48658605764886e+000
6.90000000000000e+003	2.05938984031260e-004,9.50035468761800e+000
6.91000000000000e+003	2.06536341174123e-004,9.51412331758709e+000
6.92000000000000e+003	2.07134563428460e-004,9.52789194755612e+000
6.93000000000000e+003	2.07733650793319e-004,9.54166057752509e+000
6.94000000000000e+003	2.08333603267258e-004,9.55542920749400e+000
6.95000000000000e+003	2.08934420840584e-004,9.56919783746287e+000
6.96000000000000e+003	2.09536103514231e-004,9.58296646743167e+000
6.97000000000000e+003	2.10138651328035e-004,9.59673509740043e+000
6.98000000000000e+003	2.10742064219810e-004,9.61050372736912e+000
6.99000000000000e+003	2.11346342228922e-004,9.62427235733775e+000
7.00000000000000e+003	2.11951485350527e-004,9.63804098730633e+000
7.01000000000000e+003	2.12557493575354e-004,9.65180961727484e+000
7.02000000000000e+003	2.13164366911217e-004,9.66557824724331e+000
7.03000000000000e+003	2.13772105351752e-004,9.67934687721172e+000
7.04000000000000e+003	2.14380708900875e-004,9.69311550718006e+000
7.05000000000000e+003	2.14990177564981e-004,9.70688413714836e+000
7.06000000000000e+003	2.15600511337696e-004,9.72065276711659e+000
7.07000000000000e+003	2.16211710204227e-004,9.73442139708477e+000
7.08000000000000e+003	2.16823774190195e-004,9.74819002705289e+000
7.09000000000000e+003	2.17436703279328e-004,9.76195865702095e+000
7.10000000000000e+003	2.18050497480519e-004,9.77572728698895e+000
7.11000000000000e+003	2.18665156782873e-004,9.78949591695689e+000
7.12000000000000e+003	2.19280681202752e-004,9.80326454692478e+000
7.13000000000000e+003	2.19897070724777e-004,9.81703317689261e+000
7.14000000000000e+003	2.20514325358386e-004,9.83080180686038e+000
7.15000000000000e+003	2.21132445093618e-004,9.84457043682810e+000
7.16000000000000e+003	2.21751429933443e-004,9.85833906679574e+000
7.17000000000000e+003	2.22371279891350e-004,9.87210769676335e+000
7.18000000000000e+003	2.22991994961371e-004,9.88587632673088e+000
7.19000000000000e+003	2.23613575127474e-004,9.89964495669836e+000
7.20000000000000e+003	2.24236020409697e-004,9.91341358666578e+000
7.21000000000000e+003	2.24859330796506e-004,9.92718221663314e+000
7.22000000000000e+003	2.25483506296450e-004,9.94095084660044e+000
7.23000000000000e+003	2.26108546897949e-004,9.95471947656769e+000
7.24000000000000e+003	2.26734452616631e-004,9.96848810653487e+000
7.25000000000000e+003	2.27361223436858e-004,9.98225673650200e+000
7.26000000000000e+003	2.27988859364677e-004,9.99602536646907e+000
7.27000000000000e+003	2.28617360399075e-004,1.00097939964361e+001
7.28000000000000e+003	2.29246726543598e-004,1.00235626264030e+001
7.29000000000000e+003	2.29876957797747e-004,1.00373312563699e+001
7.30000000000000e+003	2.30508054155417e-004,1.00510998863367e+001
7.31000000000000e+003	2.31140015630867e-004,1.00648685163035e+001
7.32000000000000e+003	2.31772842201160e-004,1.00786371462702e+001
7.33000000000000e+003	2.32406533890272e-004,1.00924057762369e+001
7.34000000000000e+003	2.33041090679303e-004,1.01061744062035e+001
7.35000000000000e+003	2.33676512590779e-004,1.01199430361700e+001
7.36000000000000e+003	2.34312799593441e-004,1.01337116661365e+001
7.37000000000000e+003	2.34949951712411e-004,1.01474802961029e+001
7.38000000000000e+003	2.35587968939999e-004,1.01612489260692e+001
7.39000000000000e+003	2.36226851276208e-004,1.01750175560355e+001
7.40000000000000e+003	2.36866598720009e-004,1.01887861860018e+001
7.41000000000000e+003	2.37507211264161e-004,1.02025548159679e+001
7.42000000000000e+003	2.38148688926233e-004,1.02163234459340e+001
7.43000000000000e+003	2.38791031695379e-004,1.02300920759001e+001
7.44000000000000e+003	2.39434239569000e-004,1.02438607058661e+001
7.45000000000000e+003	2.40078312549162e-004,1.02576293358320e+001
7.46000000000000e+003	2.40723250636897e-004,1.02713979657979e+001
7.47000000000000e+003	2.41369053831683e-004,1.02851665957637e+001
7.48000000000000e+003	2.42015722146560e-004,1.02989352257294e+001
7.49000000000000e+003	2.42663255563290e-004,1.03127038556951e+001
7.50000000000000e+003	2.43311654084986e-004,1.03264724856607e+001
7.51000000000000e+003	2.43960917710589e-004,1.03402411156263e+001
7.52000000000000e+003	2.44611046453195e-004,1.03540097455918e+001
7.53000000000000e+003	2.45262040307588e-004,1.03677783755572e+001
7.54000000000000e+003	2.45913899254847e-004,1.03815470055226e+001
7.55000000000000e+003	2.46566623313872e-004,1.03953156354879e+001
7.56000000000000e+003	2.47220212485205e-004,1.04090842654532e+001
7.57000000000000e+003	2.47874666766750e-004,1.04228528954184e+001
7.58000000000000e+003	2.48529986152170e-004,1.04366215253835e+001
7.59000000000000e+003	2.49186170656803e-004,1.04503901553486e+001
7.60000000000000e+003	2.49843220262668e-004,1.04641587853136e+001
7.61000000000000e+003	2.50501134973984e-004,1.04779274152785e+001
7.62000000000000e+003	2.51159914788615e-004,1.04916960452434e+001
7.63000000000000e+003	2.51819559724638e-004,1.05054646752082e+001
7.64000000000000e+003	2.52480069755458e-004,1.05192333051730e+001
7.65000000000000e+003	2.53141444903969e-004,1.05330019351377e+001
7.66000000000000e+003	2.53803685152577e-004,1.05467705651023e+001
7.67000000000000e+003	2.54466790513555e-004,1.05605391950669e+001
7.68000000000000e+003	2.55130760981026e-004,1.05743078250314e+001
7.69000000000000e+003	2.55795596557668e-004,1.05880764549959e+001
7.70000000000000e+003	2.56461297239724e-004,1.06018450849603e+001
7.71000000000000e+003	2.57127863035789e-004,1.06156137149246e+001
7.72000000000000e+003	2.57795293936731e-004,1.06293823448888e+001
7.73000000000000e+003	2.58463589954400e-004,1.06431509748530e+001
7.74000000000000e+003	2.59132751067234e-004,1.06569196048172e+001
7.75000000000000e+003	2.59802777295183e-004,1.06706882347812e+001
7.76000000000000e+003	2.60473668625827e-004,1.06844568647452e+001
7.77000000000000e+003	2.61145425073778e-004,1.06982254947092e+001
7.78000000000000e+003	2.61818046622789e-004,1.07119941246731e+001
7.79000000000000e+003	2.62491533271749e-004,1.07257627546369e+001
7.80000000000000e+003	2.63165885039667e-004,1.07395313846006e+001
7.81000000000000e+003	2.63841101920050e-004,1.07533000145643e+001
7.82000000000000e+003	2.64517183900367e-004,1.07670686445280e+001
7.83000000000000e+003	2.65194130990963e-004,1.07808372744915e+001
7.84000000000000e+003	2.65871943188020e-004,1.07946059044550e+001
7.85000000000000e+003	2.66550620494818e-004,1.08083745344185e+001
7.86000000000000e+003	2.67230162917392e-004,1.08221431643818e+001
7.87000000000000e+003	2.67910570430519e-004,1.08359117943451e+001
7.88000000000000e+003	2.68591843071511e-004,1.08496804243084e+001
7.89000000000000e+003	2.69273980805768e-004,1.08634490542716e+001
7.90000000000000e+003	2.69956983653626e-004,1.08772176842347e+001
7.91000000000000e+003	2.70640851612344e-004,1.08909863141977e+001
7.92000000000000e+003	2.71325584669779e-004,1.09047549441607e+001
7.93000000000000e+003	2.72011182845258e-004,1.09185235741236e+001
7.94000000000000e+003	2.72697646116662e-004,1.09322922040865e+001
7.95000000000000e+003	2.73384974503911e-004,1.09460608340493e+001
7.96000000000000e+003	2.74073168007587e-004,1.09598294640120e+001
7.97000000000000e+003	2.74762226611045e-004,1.09735980939747e+001
7.98000000000000e+003	2.75452150324273e-004,1.09873667239373e+001
7.99000000000000e+003	2.76142939145604e-004,1.10011353538998e+001
8.00000000000000e+003	2.76834593064995e-004,1.10149039838623e+001
8.01000000000000e+003	2.77527112104756e-004,1.10286726138247e+001
8.02000000000000e+003	2.78220496257103e-004,1.10424412437870e+001
8.03000000000000e+003	2.78914745505806e-004,1.10562098737493e+001
8.04000000000000e+003	2.79609859860919e-004,1.10699785037115e+001
8.05000000000000e+003	2.80305839329172e-004,1.10837471336736e+001
8.06000000000000e+003	2.81002683907774e-004,1.10975157636357e+001
8.07000000000000e+003	2.81700393593918e-004,1.11112843935977e+001
8.08000000000000e+003	2.82398968376330e-004,1.11250530235596e+001
8.09000000000000e+003	2.83098408290517e-004,1.11388216535215e+001
8.10000000000000e+003	2.83798713297018e-004,1.11525902834833e+001
8.11000000000000e+003	2.84499883420098e-004,1.11663589134451e+001
8.12000000000000e+003	2.85201918639397e-004,1.11801275434067e+001
8.13000000000000e+003	2.85904818974155e-004,1.11938961733684e+001
8.14000000000000e+003	2.86608584410203e-004,1.12076648033299e+001
8.15000000000000e+003	2.87313214965708e-004,1.12214334332914e+001
8.16000000000000e+003	2.88018710623636e-004,1.12352020632528e+001
8.17000000000000e+003	2.88725071382256e-004,1.12489706932141e+001
8.18000000000000e+003	2.89432297262653e-004,1.12627393231754e+001
8.19000000000000e+003	2.90140388243168e-004,1.12765079531366e+001
8.20000000000000e+003	2.90849344337500e-004,1.12902765830978e+001
8.21000000000000e+003	2.91559165525052e-004,1.13040452130589e+001
8.22000000000000e+003	2.92269851836160e-004,1.13178138430199e+001
8.23000000000000e+003	2.92981403253083e-004,1.13315824729808e+001
8.24000000000000e+003	2.93693819774090e-004,1.13453511029417e+001
8.25000000000000e+003	2.94407101397438e-004,1.13591197329025e+001
8.26000000000000e+003	2.95121248137512e-004,1.13728883628633e+001
8.27000000000000e+003	2.95836259986843e-004,1.13866569928239e+001
8.28000000000000e+003	2.96552136950057e-004,1.14004256227845e+001
8.29000000000000e+003	2.97268879008668e-004,1.14141942527451e+001
8.30000000000000e+003	2.97986486174212e-004,1.14279628827056e+001
8.31000000000000e+003	2.98704958463492e-004,1.14417315126660e+001
8.32000000000000e+003	2.99424295851032e-004,1.14555001426263e+001
8.33000000000000e+003	3.00144498340280e-004,1.14692687725866e+001
8.34000000000000e+003	3.00865565946922e-004,1.14830374025468e+001
8.35000000000000e+003	3.01587498657594e-004,1.14968060325069e+001
8.36000000000000e+003	3.02310296479864e-004,1.15105746624670e+001
8.37000000000000e+003	3.03033959406735e-004,1.15243432924270e+001
8.38000000000000e+003	3.03758487434107e-004,1.15381119223869e+001
8.39000000000000e+003	3.04483880582433e-004,1.15518805523468e+001
8.40000000000000e+003	3.05210138830667e-004,1.15656491823066e+001
8.41000000000000e+003	3.05937262197551e-004,1.15794178122663e+001
8.42000000000000e+003	3.06665250652581e-004,1.15931864422259e+001
8.43000000000000e+003	3.07394104253315e-004,1.16069550721855e+001
8.44000000000000e+003	3.08123822939245e-004,1.16207237021450e+001
8.45000000000000e+003	3.08854406714417e-004,1.16344923321045e+001
8.46000000000000e+003	3.09585855623614e-004,1.16482609620639e+001
8.47000000000000e+003	3.10318169637386e-004,1.16620295920232e+001
8.48000000000000e+003	3.11051348753354e-004,1.16757982219824e+001
8.49000000000000e+003	3.11785392971498e-004,1.16895668519416e+001
8.50000000000000e+003	3.12520302302470e-004,1.17033354819007e+001
8.51000000000000e+003	3.13256076746285e-004,1.17171041118597e+001
8.52000000000000e+003	3.13992716295828e-004,1.17308727418187e+001
8.53000000000000e+003	3.14730220958828e-004,1.17446413717776e+001
8.54000000000000e+003	3.15468590722197e-004,1.17584100017364e+001
8.55000000000000e+003	3.16207825595450e-004,1.17721786316952e+001
8.56000000000000e+003	3.16947925576802e-004,1.17859472616539e+001
8.57000000000000e+003	3.17688890667449e-004,1.17997158916125e+001
8.58000000000000e+003	3.18430720862008e-004,1.18134845215710e+001
8.59000000000000e+003	3.19173416167056e-004,1.18272531515295e+001
8.60000000000000e+003	3.19916976579602e-004,1.18410217814879e+001
8.61000000000000e+003	3.20661402104448e-004,1.18547904114463e+001
8.62000000000000e+003	3.21406692731388e-004,1.18685590414045e+001
8.63000000000000e+003	3.22152848472439e-004,1.18823276713627e+001
8.64000000000000e+003	3.22899869326418e-004,1.18960963013209e+001
8.65000000000000e+003	3.23647755283688e-004,1.19098649312789e+001
8.66000000000000e+003	3.24396506343626e-004,1.19236335612369e+001
8.67000000000000e+003	3.25146122524359e-004,1.19374021911948e+001
8.68000000000000e+003	3.25896603781123e-004,1.19511708211527e+001
8.69000000000000e+003	3.26647950187763e-004,1.19649394511105e+001
8.70000000000000e+003	3.27400161663101e-004,1.19787080810682e+001
8.71000000000000e+003	3.28153238284163e-004,1.19924767110258e+001
8.72000000000000e+003	3.28907179985385e-004,1.20062453409833e+001
8.73000000000000e+003	3.29661986808691e-004,1.20200139709408e+001
8.74000000000000e+003	3.30417658731570e-004,1.20337826008983e+001
8.75000000000000e+003	3.31174195771693e-004,1.20475512308556e+001
8.76000000000000e+003	3.31931597917482e-004,1.20613198608129e+001
8.77000000000000e+003	3.32689865167705e-004,1.20750884907701e+001
8.78000000000000e+003	3.33448997537662e-004,1.20888571207272e+001
8.79000000000000e+003	3.34208994997346e-004,1.21026257506843e+001
8.80000000000000e+003	3.34969857558973e-004,1.21163943806413e+001
8.81000000000000e+003	3.35731585257550e-004,1.21301630105982e+001
8.82000000000000e+003	3.36494178050108e-004,1.21439316405550e+001
8.83000000000000e+003	3.37257635942144e-004,1.21577002705118e+001
8.84000000000000e+003	3.38021958953978e-004,1.21714689004685e+001
8.85000000000000e+003	3.38787147065275e-004,1.21852375304251e+001
8.86000000000000e+003	3.39553200295785e-004,1.21990061603817e+001
8.87000000000000e+003	3.40320118625127e-004,1.22127747903382e+001
8.88000000000000e+003	3.41087902078046e-004,1.22265434202946e+001
8.89000000000000e+003	3.41856550616767e-004,1.22403120502509e+001
8.90000000000000e+003	3.42626064271636e-004,1.22540806802072e+001
8.91000000000000e+003	3.43396443052002e-004,1.22678493101634e+001
8.92000000000000e+003	3.44167686917480e-004,1.22816179401195e+001
8.93000000000000e+003	3.44939795900383e-004,1.22953865700756e+001
8.94000000000000e+003	3.45712769975799e-004,1.23091552000316e+001
8.95000000000000e+003	3.46486609191748e-004,1.23229238299875e+001
8.96000000000000e+003	3.47261313487087e-004,1.23366924599433e+001
8.97000000000000e+003	3.48036882899262e-004,1.23504610898991e+001
8.98000000000000e+003	3.48813317433314e-004,1.23642297198547e+001
8.99000000000000e+003	3.49590617054171e-004,1.23779983498104e+001
9.00000000000000e+003	3.50368781800058e-004,1.23917669797659e+001
9.01000000000000e+003	3.51147811635207e-004,1.24055356097214e+001
9.02000000000000e+003	3.51927706596049e-004,1.24193042396768e+001
9.03000000000000e+003	3.52708466654296e-004,1.24330728696321e+001
9.04000000000000e+003	3.53490091819373e-004,1.24468414995873e+001
9.05000000000000e+003	3.54272582105163e-004,1.24606101295425e+001
9.06000000000000e+003	3.55055937492116e-004,1.24743787594976e+001
9.07000000000000e+003	3.55840157980210e-004,1.24881473894526e+001
9.08000000000000e+003	3.56625243587790e-004,1.25019160194076e+001
9.09000000000000e+003	3.57411194303480e-004,1.25156846493625e+001
9.10000000000000e+003	3.58198010129184e-004,1.25294532793173e+001
9.11000000000000e+003	3.58985691052199e-004,1.25432219092720e+001
9.12000000000000e+003	3.59774237077578e-004,1.25569905392267e+001
9.13000000000000e+003	3.60563648233326e-004,1.25707591691812e+001
9.14000000000000e+003	3.61353924474247e-004,1.25845277991357e+001
9.15000000000000e+003	3.62145065848776e-004,1.25982964290902e+001
9.16000000000000e+003	3.62937072298850e-004,1.26120650590445e+001
9.17000000000000e+003	3.63729943880012e-004,1.26258336889988e+001
9.18000000000000e+003	3.64523680570566e-004,1.26396023189530e+001
9.19000000000000e+003	3.65318282350644e-004,1.26533709489071e+001
9.20000000000000e+003	3.66113749263823e-004,1.26671395788612e+001
9.21000000000000e+003	3.66910081274851e-004,1.26809082088152e+001
9.22000000000000e+003	3.67707278375977e-004,1.26946768387691e+001
9.23000000000000e+003	3.68505340611567e-004,1.27084454687229e+001
9.24000000000000e+003	3.69304267939811e-004,1.27222140986767e+001
9.25000000000000e+003	3.70104060387760e-004,1.27359827286303e+001
9.26000000000000e+003	3.70904717938011e-004,1.27497513585840e+001
9.27000000000000e+003	3.71706240585372e-004,1.27635199885375e+001
9.28000000000000e+003	3.72508628352463e-004,1.27772886184909e+001
9.29000000000000e+003	3.73311881223123e-004,1.27910572484443e+001
9.30000000000000e+003	3.74115999207715e-004,1.28048258783976e+001
9.31000000000000e+003	3.74920982300414e-004,1.28185945083509e+001
9.32000000000000e+003	3.75726830478466e-004,1.28323631383040e+001
9.33000000000000e+003	3.76533543799069e-004,1.28461317682571e+001
9.34000000000000e+003	3.77341122215426e-004,1.28599003982101e+001
9.35000000000000e+003	3.78149565734017e-004,1.28736690281630e+001
9.36000000000000e+003	3.78958874362008e-004,1.28874376581158e+001
9.37000000000000e+003	3.79769048107898e-004,1.29012062880686e+001
9.38000000000000e+003	3.80580086948164e-004,1.29149749180213e+001
9.39000000000000e+003	3.81391990912893e-004,1.29287435479739e+001
9.40000000000000e+003	3.82204759964106e-004,1.29425121779265e+001
9.41000000000000e+003	3.83018394133897e-004,1.29562808078789e+001
9.42000000000000e+003	3.83832893415730e-004,1.29700494378313e+001
9.43000000000000e+003	3.84648257799090e-004,1.29838180677836e+001
9.44000000000000e+003	3.85464487286593e-004,1.29975866977359e+001
9.45000000000000e+003	3.86281581901956e-004,1.30113553276880e+001
9.46000000000000e+003	3.87099541621487e-004,1.30251239576401e+001
9.47000000000000e+003	3.87918366422710e-004,1.30388925875921e+001
9.48000000000000e+003	3.88738056354481e-004,1.30526612175440e+001
9.49000000000000e+003	3.89558611391050e-004,1.30664298474959e+001
9.50000000000000e+003	3.90380031531083e-004,1.30801984774476e+001
9.51000000000000e+003	3.91202316783190e-004,1.30939671073993e+001
9.52000000000000e+003	3.92025467140077e-004,1.31077357373510e+001
9.53000000000000e+003	3.92849482617025e-004,1.31215043673025e+001
9.54000000000000e+003	3.93674363189447e-004,1.31352729972540e+001
9.55000000000000e+003	3.94500108867963e-004,1.31490416272053e+001
9.56000000000000e+003	3.95326719652567e-004,1.31628102571567e+001
9.57000000000000e+003	3.96154195565283e-004,1.31765788871079e+001
9.58000000000000e+003	3.96982536570755e-004,1.31903475170590e+001
9.59000000000000e+003	3.97811742691011e-004,1.32041161470101e+001
9.60000000000000e+003	3.98641813906651e-004,1.32178847769611e+001
9.61000000000000e+003	3.99472750240427e-004,1.32316534069120e+001
9.62000000000000e+003	4.00304551666201e-004,1.32454220368628e+001
9.63000000000000e+003	4.01137218229600e-004,1.32591906668136e+001
9.64000000000000e+003	4.01970749882975e-004,1.32729592967643e+001
9.65000000000000e+003	4.02805146655884e-004,1.32867279267149e+001
9.66000000000000e+003	4.03640408519391e-004,1.33004965566654e+001
9.67000000000000e+003	4.04476535511888e-004,1.33142651866158e+001
9.68000000000000e+003	4.05313527605081e-004,1.33280338165662e+001
9.69000000000000e+003	4.06151384799623e-004,1.33418024465165e+001
9.70000000000000e+003	4.06990107104287e-004,1.33555710764667e+001
9.71000000000000e+003	4.07829694524502e-004,1.33693397064168e+001
9.72000000000000e+003	4.08670147025030e-004,1.33831083363669e+001
9.73000000000000e+003	4.09511464658048e-004,1.33968769663168e+001
9.74000000000000e+003	4.10353647402571e-004,1.34106455962667e+001
9.75000000000000e+003	4.11196695238883e-004,1.34244142262165e+001
9.76000000000000e+003	4.12040608194169e-004,1.34381828561663e+001
9.77000000000000e+003	4.12885386264372e-004,1.34519514861159e+001
9.78000000000000e+003	4.13731029438598e-004,1.34657201160655e+001
9.79000000000000e+003	4.14577537708639e-004,1.34794887460150e+001
9.80000000000000e+003	4.15424911092232e-004,1.34932573759644e+001
9.81000000000000e+003	4.16273149583920e-004,1.35070260059137e+001
9.82000000000000e+003	4.17122253188495e-004,1.35207946358630e+001
9.83000000000000e+003	4.17972221905975e-004,1.35345632658122e+001
9.84000000000000e+003	4.18823055726762e-004,1.35483318957613e+001
9.85000000000000e+003	4.19674754646721e-004,1.35621005257103e+001
9.86000000000000e+003	4.20527318691960e-004,1.35758691556592e+001
9.87000000000000e+003	4.21380747832239e-004,1.35896377856080e+001
9.88000000000000e+003	4.22235042075786e-004,1.36034064155568e+001
9.89000000000000e+003	4.23090201428108e-004,1.36171750455055e+001
9.90000000000000e+003	4.23946225904398e-004,1.36309436754541e+001
9.91000000000000e+003	4.24803115471524e-004,1.36447123054026e+001
9.92000000000000e+003	4.25660870161956e-004,1.36584809353511e+001
9.93000000000000e+003	4.26519489936257e-004,1.36722495652995e+001
9.94000000000000e+003	4.27378974852599e-004,1.36860181952477e+001
9.95000000000000e+003	4.28239324855556e-004,1.36997868251959e+001
9.96000000000000e+003	4.29100539983278e-004,1.37135554551441e+001
9.97000000000000e+003	4.29962620194087e-004,1.37273240850921e+001
9.98000000000000e+003	4.30825565542902e-004,1.37410927150401e+001
9.99000000000000e+003	4.31689375962220e-004,1.37548613449879e+001
1.00000000000000e+004	4.32554051502849e-004,1.37686299749358e+001
