Freq.	mag(V(n002)/V(n006))
1.00000000000000e+001	1.05980430107344e-002,0.00000000000000e+000
4.00200200200200e+001	4.24165760715592e-002,0.00000000000000e+000
7.00400400400400e+001	7.42465814019030e-002,0.00000000000000e+000
1.00060060060060e+002	1.06096653351427e-001,0.00000000000000e+000
1.30080080080080e+002	1.37975367700327e-001,0.00000000000000e+000
1.60100100100100e+002	1.69891273491651e-001,0.00000000000000e+000
1.90120120120120e+002	2.01852884642174e-001,0.00000000000000e+000
2.20140140140140e+002	2.33868671264514e-001,0.00000000000000e+000
2.50160160160160e+002	2.65947050632526e-001,0.00000000000000e+000
2.80180180180180e+002	2.98096377721231e-001,0.00000000000000e+000
3.10200200200200e+002	3.30324935251630e-001,0.00000000000000e+000
3.40220220220220e+002	3.62640923169759e-001,0.00000000000000e+000
3.70240240240240e+002	3.95052447488291e-001,0.00000000000000e+000
4.00260260260260e+002	4.27567508417880e-001,0.00000000000000e+000
4.30280280280280e+002	4.60193987714324e-001,0.00000000000000e+000
4.60300300300300e+002	4.92939635166540e-001,0.00000000000000e+000
4.90320320320320e+002	5.25812054149328e-001,0.00000000000000e+000
5.20340340340340e+002	5.58818686163980e-001,0.00000000000000e+000
5.50360360360360e+002	5.91966794289099e-001,0.00000000000000e+000
5.80380380380380e+002	6.25263445463448e-001,0.00000000000000e+000
6.10400400400400e+002	6.58715491522541e-001,0.00000000000000e+000
6.40420420420421e+002	6.92329548910817e-001,0.00000000000000e+000
6.70440440440441e+002	7.26111976992010e-001,0.00000000000000e+000
7.00460460460461e+002	7.60068854881523e-001,0.00000000000000e+000
7.30480480480481e+002	7.94205956726626e-001,0.00000000000000e+000
7.60500500500501e+002	8.28528725363072e-001,0.00000000000000e+000
7.90520520520521e+002	8.63042244280396e-001,0.00000000000000e+000
8.20540540540541e+002	8.97751207833055e-001,0.00000000000000e+000
8.50560560560561e+002	9.32659889640565e-001,0.00000000000000e+000
8.80580580580581e+002	9.67772109127311e-001,0.00000000000000e+000
9.10600600600601e+002	1.00309119616177e+000,0.00000000000000e+000
9.40620620620621e+002	1.03861995376579e+000,0.00000000000000e+000
9.70640640640641e+002	1.07436061887735e+000,0.00000000000000e+000
1.00066066066066e+003	1.11031482116539e+000,0.00000000000000e+000
1.03068068068068e+003	1.14648353991255e+000,0.00000000000000e+000
1.06070070070070e+003	1.18286705900201e+000,0.00000000000000e+000
1.09072072072072e+003	1.21946492006703e+000,0.00000000000000e+000
1.12074074074074e+003	1.25627587388816e+000,0.00000000000000e+000
1.15076076076076e+003	1.29329783015152e+000,0.00000000000000e+000
1.18078078078078e+003	1.33052780571446e+000,0.00000000000000e+000
1.21080080080080e+003	1.36796187156021e+000,0.00000000000000e+000
1.24082082082082e+003	1.40559509866261e+000,0.00000000000000e+000
1.27084084084084e+003	1.44342150302479e+000,0.00000000000000e+000
1.30086086086086e+003	1.48143399020173e+000,0.00000000000000e+000
1.33088088088088e+003	1.51962429966626e+000,0.00000000000000e+000
1.36090090090090e+003	1.55798294943074e+000,0.00000000000000e+000
1.39092092092092e+003	1.59649918139166e+000,0.00000000000000e+000
1.42094094094094e+003	1.63516090792205e+000,0.00000000000000e+000
1.45096096096096e+003	1.67395466029574e+000,0.00000000000000e+000
1.48098098098098e+003	1.71286553958686e+000,0.00000000000000e+000
1.51100100100100e+003	1.75187717074810e+000,0.00000000000000e+000
1.54102102102102e+003	1.79097166062861e+000,0.00000000000000e+000
1.57104104104104e+003	1.83012956074853e+000,0.00000000000000e+000
1.60106106106106e+003	1.86932983569740e+000,0.00000000000000e+000
1.63108108108108e+003	1.90854983806887e+000,0.00000000000000e+000
1.66110110110110e+003	1.94776529088082e+000,0.00000000000000e+000
1.69112112112112e+003	1.98695027845663e+000,0.00000000000000e+000
1.72114114114114e+003	2.02607724675737e+000,0.00000000000000e+000
1.75116116116116e+003	2.06511701415461e+000,0.00000000000000e+000
1.78118118118118e+003	2.10403879361586e+000,0.00000000000000e+000
1.81120120120120e+003	2.14281022723838e+000,0.00000000000000e+000
1.84122122122122e+003	2.18139743400905e+000,0.00000000000000e+000
1.87124124124124e+003	2.21976507158717e+000,0.00000000000000e+000
1.90126126126126e+003	2.25787641280163e+000,0.00000000000000e+000
1.93128128128128e+003	2.29569343742219e+000,0.00000000000000e+000
1.96130130130130e+003	2.33317693960784e+000,0.00000000000000e+000
1.99132132132132e+003	2.37028665125135e+000,0.00000000000000e+000
2.02134134134134e+003	2.40698138123167e+000,0.00000000000000e+000
2.05136136136136e+003	2.44321917035382e+000,0.00000000000000e+000
2.08138138138138e+003	2.47895746150594e+000,0.00000000000000e+000
2.11140140140140e+003	2.51415328429478e+000,0.00000000000000e+000
2.14142142142142e+003	2.54876345314282e+000,0.00000000000000e+000
2.17144144144144e+003	2.58274477754583e+000,0.00000000000000e+000
2.20146146146146e+003	2.61605428290611e+000,0.00000000000000e+000
2.23148148148148e+003	2.64864944008235e+000,0.00000000000000e+000
2.26150150150150e+003	2.68048840153779e+000,0.00000000000000e+000
2.29152152152152e+003	2.71153024173419e+000,0.00000000000000e+000
2.32154154154154e+003	2.74173519921667e+000,0.00000000000000e+000
2.35156156156156e+003	2.77106491767228e+000,0.00000000000000e+000
2.38158158158158e+003	2.79948268312924e+000,0.00000000000000e+000
2.41160160160160e+003	2.82695365440135e+000,0.00000000000000e+000
2.44162162162162e+003	2.85344508387639e+000,0.00000000000000e+000
2.47164164164164e+003	2.87892652580228e+000,0.00000000000000e+000
2.50166166166166e+003	2.90337002934125e+000,0.00000000000000e+000
2.53168168168168e+003	2.92675031383979e+000,0.00000000000000e+000
2.56170170170170e+003	2.94904492399661e+000,0.00000000000000e+000
2.59172172172172e+003	2.97023436290012e+000,0.00000000000000e+000
2.62174174174174e+003	2.99030220124103e+000,0.00000000000000e+000
2.65176176176176e+003	3.00923516137932e+000,0.00000000000000e+000
2.68178178178178e+003	3.02702317534589e+000,0.00000000000000e+000
2.71180180180180e+003	3.04365941627949e+000,0.00000000000000e+000
2.74182182182182e+003	3.05914030322570e+000,0.00000000000000e+000
2.77184184184184e+003	3.07346547964672e+000,0.00000000000000e+000
2.80186186186186e+003	3.08663776639811e+000,0.00000000000000e+000
2.83188188188189e+003	3.09866309030933e+000,0.00000000000000e+000
2.86190190190191e+003	3.10955038985233e+000,0.00000000000000e+000
2.89192192192193e+003	3.11931149968657e+000,0.00000000000000e+000
2.92194194194195e+003	3.12796101612583e+000,0.00000000000000e+000
2.95196196196197e+003	3.13551614577595e+000,0.00000000000000e+000
2.98198198198199e+003	3.14199653974243e+000,0.00000000000000e+000
3.01200200200201e+003	3.14742411590093e+000,0.00000000000000e+000
3.04202202202203e+003	3.15182287176406e+000,0.00000000000000e+000
3.07204204204205e+003	3.15521869046672e+000,0.00000000000000e+000
3.10206206206207e+003	3.15763914233439e+000,0.00000000000000e+000
3.13208208208209e+003	3.15911328439782e+000,0.00000000000000e+000
3.16210210210211e+003	3.15967146008132e+000,0.00000000000000e+000
3.19212212212213e+003	3.15934510112509e+000,0.00000000000000e+000
3.22214214214215e+003	3.15816653361234e+000,0.00000000000000e+000
3.25216216216217e+003	3.15616878976455e+000,0.00000000000000e+000
3.28218218218219e+003	3.15338542695216e+000,0.00000000000000e+000
3.31220220220221e+003	3.14985035514538e+000,0.00000000000000e+000
3.34222222222223e+003	3.14559767380914e+000,0.00000000000000e+000
3.37224224224225e+003	3.14066151903111e+000,0.00000000000000e+000
3.40226226226227e+003	3.13507592146507e+000,0.00000000000000e+000
3.43228228228229e+003	3.12887467547875e+000,0.00000000000000e+000
3.46230230230231e+003	3.12209121971699e+000,0.00000000000000e+000
3.49232232232233e+003	3.11475852912909e+000,0.00000000000000e+000
3.52234234234235e+003	3.10690901836610e+000,0.00000000000000e+000
3.55236236236237e+003	3.09857445632792e+000,0.00000000000000e+000
3.58238238238239e+003	3.08978589153385e+000,0.00000000000000e+000
3.61240240240241e+003	3.08057358790117e+000,0.00000000000000e+000
3.64242242242243e+003	3.07096697044436e+000,0.00000000000000e+000
3.67244244244245e+003	3.06099458035273e+000,0.00000000000000e+000
3.70246246246247e+003	3.05068403886293e+000,0.00000000000000e+000
3.73248248248249e+003	3.04006201931596e+000,0.00000000000000e+000
3.76250250250251e+003	3.02915422677311e+000,0.00000000000000e+000
3.79252252252253e+003	3.01798538456046e+000,0.00000000000000e+000
3.82254254254255e+003	3.00657922711629e+000,0.00000000000000e+000
3.85256256256257e+003	2.99495849852723e+000,0.00000000000000e+000
3.88258258258259e+003	2.98314495615793e+000,0.00000000000000e+000
3.91260260260261e+003	2.97115937880204e+000,0.00000000000000e+000
3.94262262262263e+003	2.95902157880952e+000,0.00000000000000e+000
3.97264264264265e+003	2.94675041767592e+000,0.00000000000000e+000
4.00266266266267e+003	2.93436382461066e+000,0.00000000000000e+000
4.03268268268269e+003	2.92187881763578e+000,0.00000000000000e+000
4.06270270270271e+003	2.90931152679924e+000,0.00000000000000e+000
4.09272272272273e+003	2.89667721912199e+000,0.00000000000000e+000
4.12274274274275e+003	2.88399032493016e+000,0.00000000000000e+000
4.15276276276277e+003	2.87126446525709e+000,0.00000000000000e+000
4.18278278278279e+003	2.85851248003055e+000,0.00000000000000e+000
4.21280280280281e+003	2.84574645679043e+000,0.00000000000000e+000
4.24282282282283e+003	2.83297775971048e+000,0.00000000000000e+000
4.27284284284285e+003	2.82021705872403e+000,0.00000000000000e+000
4.30286286286287e+003	2.80747435857826e+000,0.00000000000000e+000
4.33288288288289e+003	2.79475902766467e+000,0.00000000000000e+000
4.36290290290291e+003	2.78207982649435e+000,0.00000000000000e+000
4.39292292292293e+003	2.76944493570592e+000,0.00000000000000e+000
4.42294294294295e+003	2.75686198351177e+000,0.00000000000000e+000
4.45296296296297e+003	2.74433807250422e+000,0.00000000000000e+000
4.48298298298299e+003	2.73187980575717e+000,0.00000000000000e+000
4.51300300300301e+003	2.71949331217251e+000,0.00000000000000e+000
4.54302302302303e+003	2.70718427103116e+000,0.00000000000000e+000
4.57304304304305e+003	2.69495793571960e+000,0.00000000000000e+000
4.60306306306307e+003	2.68281915661131e+000,0.00000000000000e+000
4.63308308308309e+003	2.67077240309046e+000,0.00000000000000e+000
4.66310310310311e+003	2.65882178471249e+000,0.00000000000000e+000
4.69312312312313e+003	2.64697107150151e+000,0.00000000000000e+000
4.72314314314315e+003	2.63522371339034e+000,0.00000000000000e+000
4.75316316316317e+003	2.62358285881262e+000,0.00000000000000e+000
4.78318318318319e+003	2.61205137246081e+000,0.00000000000000e+000
4.81320320320321e+003	2.60063185222629e+000,0.00000000000000e+000
4.84322322322323e+003	2.58932664534101e+000,0.00000000000000e+000
4.87324324324325e+003	2.57813786374134e+000,0.00000000000000e+000
4.90326326326327e+003	2.56706739867731e+000,0.00000000000000e+000
4.93328328328329e+003	2.55611693459080e+000,0.00000000000000e+000
4.96330330330331e+003	2.54528796228770e+000,0.00000000000000e+000
4.99332332332333e+003	2.53458179142944e+000,0.00000000000000e+000
5.02334334334334e+003	2.52399956236970e+000,0.00000000000000e+000
5.05336336336336e+003	2.51354225736230e+000,0.00000000000000e+000
5.08338338338338e+003	2.50321071116599e+000,0.00000000000000e+000
5.11340340340340e+003	2.49300562107208e+000,0.00000000000000e+000
5.14342342342342e+003	2.48292755638011e+000,0.00000000000000e+000
5.17344344344344e+003	2.47297696734661e+000,0.00000000000000e+000
5.20346346346346e+003	2.46315419363127e+000,0.00000000000000e+000
5.23348348348348e+003	2.45345947226433e+000,0.00000000000000e+000
5.26350350350350e+003	2.44389294515838e+000,0.00000000000000e+000
5.29352352352352e+003	2.43445466618696e+000,0.00000000000000e+000
5.32354354354354e+003	2.42514460785166e+000,0.00000000000000e+000
5.35356356356356e+003	2.41596266755869e+000,0.00000000000000e+000
5.38358358358358e+003	2.40690867352492e+000,0.00000000000000e+000
5.41360360360360e+003	2.39798239033299e+000,0.00000000000000e+000
5.44362362362362e+003	2.38918352415387e+000,0.00000000000000e+000
5.47364364364364e+003	2.38051172765476e+000,0.00000000000000e+000
5.50366366366366e+003	2.37196660460931e+000,0.00000000000000e+000
5.53368368368368e+003	2.36354771422648e+000,0.00000000000000e+000
5.56370370370370e+003	2.35525457521343e+000,0.00000000000000e+000
5.59372372372372e+003	2.34708666958744e+000,0.00000000000000e+000
5.62374374374374e+003	2.33904344625059e+000,0.00000000000000e+000
5.65376376376376e+003	2.33112432434107e+000,0.00000000000000e+000
5.68378378378378e+003	2.32332869637329e+000,0.00000000000000e+000
5.71380380380380e+003	2.31565593117939e+000,0.00000000000000e+000
5.74382382382382e+003	2.30810537666320e+000,0.00000000000000e+000
5.77384384384384e+003	2.30067636237775e+000,0.00000000000000e+000
5.80386386386386e+003	2.29336820193665e+000,0.00000000000000e+000
5.83388388388388e+003	2.28618019526884e+000,0.00000000000000e+000
5.86390390390390e+003	2.27911163072626e+000,0.00000000000000e+000
5.89392392392392e+003	2.27216178705294e+000,0.00000000000000e+000
5.92394394394394e+003	2.26532993522387e+000,0.00000000000000e+000
5.95396396396396e+003	2.25861534016137e+000,0.00000000000000e+000
5.98398398398398e+003	2.25201726233646e+000,0.00000000000000e+000
6.01400400400400e+003	2.24553495926202e+000,0.00000000000000e+000
6.04402402402402e+003	2.23916768688442e+000,0.00000000000000e+000
6.07404404404404e+003	2.23291470087980e+000,0.00000000000000e+000
6.10406406406405e+003	2.22677525786077e+000,0.00000000000000e+000
6.13408408408407e+003	2.22074861649916e+000,0.00000000000000e+000
6.16410410410409e+003	2.21483403856986e+000,0.00000000000000e+000
6.19412412412411e+003	2.20903078992074e+000,0.00000000000000e+000
6.22414414414413e+003	2.20333814137333e+000,0.00000000000000e+000
6.25416416416415e+003	2.19775536955835e+000,0.00000000000000e+000
6.28418418418417e+003	2.19228175769045e+000,0.00000000000000e+000
6.31420420420419e+003	2.18691659628586e+000,0.00000000000000e+000
6.34422422422421e+003	2.18165918382654e+000,0.00000000000000e+000
6.37424424424423e+003	2.17650882737434e+000,0.00000000000000e+000
6.40426426426425e+003	2.17146484313829e+000,0.00000000000000e+000
6.43428428428427e+003	2.16652655699810e+000,0.00000000000000e+000
6.46430430430429e+003	2.16169330498654e+000,0.00000000000000e+000
6.49432432432431e+003	2.15696443373359e+000,0.00000000000000e+000
6.52434434434433e+003	2.15233930087469e+000,0.00000000000000e+000
6.55436436436435e+003	2.14781727542543e+000,0.00000000000000e+000
6.58438438438437e+003	2.14339773812501e+000,0.00000000000000e+000
6.61440440440439e+003	2.13908008175039e+000,0.00000000000000e+000
6.64442442442441e+003	2.13486371140320e+000,0.00000000000000e+000
6.67444444444443e+003	2.13074804477109e+000,0.00000000000000e+000
6.70446446446445e+003	2.12673251236536e+000,0.00000000000000e+000
6.73448448448447e+003	2.12281655773633e+000,0.00000000000000e+000
6.76450450450449e+003	2.11899963766812e+000,0.00000000000000e+000
6.79452452452451e+003	2.11528122235402e+000,0.00000000000000e+000
6.82454454454453e+003	2.11166079555398e+000,0.00000000000000e+000
6.85456456456455e+003	2.10813785473526e+000,0.00000000000000e+000
6.88458458458457e+003	2.10471191119756e+000,0.00000000000000e+000
6.91460460460459e+003	2.10138249018348e+000,0.00000000000000e+000
6.94462462462461e+003	2.09814913097556e+000,0.00000000000000e+000
6.97464464464463e+003	2.09501138698059e+000,0.00000000000000e+000
7.00466466466465e+003	2.09196882580226e+000,0.00000000000000e+000
7.03468468468467e+003	2.08902102930277e+000,0.00000000000000e+000
7.06470470470469e+003	2.08616759365423e+000,0.00000000000000e+000
7.09472472472471e+003	2.08340812938067e+000,0.00000000000000e+000
7.12474474474473e+003	2.08074226139098e+000,0.00000000000000e+000
7.15476476476475e+003	2.07816962900369e+000,0.00000000000000e+000
7.18478478478477e+003	2.07568988596391e+000,0.00000000000000e+000
7.21480480480478e+003	2.07330270045312e+000,0.00000000000000e+000
7.24482482482480e+003	2.07100775509200e+000,0.00000000000000e+000
7.27484484484482e+003	2.06880474693706e+000,0.00000000000000e+000
7.30486486486484e+003	2.06669338747104e+000,0.00000000000000e+000
7.33488488488486e+003	2.06467340258784e+000,0.00000000000000e+000
7.36490490490488e+003	2.06274453257188e+000,0.00000000000000e+000
7.39492492492490e+003	2.06090653207247e+000,0.00000000000000e+000
7.42494494494492e+003	2.05915917007323e+000,0.00000000000000e+000
7.45496496496494e+003	2.05750222985683e+000,0.00000000000000e+000
7.48498498498496e+003	2.05593550896523e+000,0.00000000000000e+000
7.51500500500498e+003	2.05445881915553e+000,0.00000000000000e+000
7.54502502502500e+003	2.05307198635147e+000,0.00000000000000e+000
7.57504504504502e+003	2.05177485059089e+000,0.00000000000000e+000
7.60506506506504e+003	2.05056726596881e+000,0.00000000000000e+000
7.63508508508506e+003	2.04944910057661e+000,0.00000000000000e+000
7.66510510510508e+003	2.04842023643689e+000,0.00000000000000e+000
7.69512512512510e+003	2.04748056943424e+000,0.00000000000000e+000
7.72514514514512e+003	2.04663000924175e+000,0.00000000000000e+000
7.75516516516514e+003	2.04586847924320e+000,0.00000000000000e+000
7.78518518518516e+003	2.04519591645075e+000,0.00000000000000e+000
7.81520520520518e+003	2.04461227141811e+000,0.00000000000000e+000
7.84522522522520e+003	2.04411750814887e+000,0.00000000000000e+000
7.87524524524522e+003	2.04371160399990e+000,0.00000000000000e+000
7.90526526526524e+003	2.04339454957954e+000,0.00000000000000e+000
7.93528528528526e+003	2.04316634864029e+000,0.00000000000000e+000
7.96530530530528e+003	2.04302701796581e+000,0.00000000000000e+000
7.99532532532530e+003	2.04297658725178e+000,0.00000000000000e+000
8.02534534534532e+003	2.04301509898038e+000,0.00000000000000e+000
8.05536536536534e+003	2.04314260828795e+000,0.00000000000000e+000
8.08538538538536e+003	2.04335918282539e+000,0.00000000000000e+000
8.11540540540538e+003	2.04366490261095e+000,0.00000000000000e+000
8.14542542542540e+003	2.04405985987481e+000,0.00000000000000e+000
8.17544544544542e+003	2.04454415889500e+000,0.00000000000000e+000
8.20546546546544e+003	2.04511791582404e+000,0.00000000000000e+000
8.23548548548546e+003	2.04578125850581e+000,0.00000000000000e+000
8.26550550550548e+003	2.04653432628187e+000,0.00000000000000e+000
8.29552552552550e+003	2.04737726978666e+000,0.00000000000000e+000
8.32554554554552e+003	2.04831025073079e+000,0.00000000000000e+000
8.35556556556554e+003	2.04933344167172e+000,0.00000000000000e+000
8.38558558558556e+003	2.05044702577084e+000,0.00000000000000e+000
8.41560560560558e+003	2.05165119653637e+000,0.00000000000000e+000
8.44562562562559e+003	2.05294615755087e+000,0.00000000000000e+000
8.47564564564561e+003	2.05433212218253e+000,0.00000000000000e+000
8.50566566566563e+003	2.05580931327917e+000,0.00000000000000e+000
8.53568568568565e+003	2.05737796284394e+000,0.00000000000000e+000
8.56570570570567e+003	2.05903831169134e+000,0.00000000000000e+000
8.59572572572569e+003	2.06079060908268e+000,0.00000000000000e+000
8.62574574574571e+003	2.06263511233930e+000,0.00000000000000e+000
8.65576576576573e+003	2.06457208643254e+000,0.00000000000000e+000
8.68578578578575e+003	2.06660180354879e+000,0.00000000000000e+000
8.71580580580577e+003	2.06872454262823e+000,0.00000000000000e+000
8.74582582582579e+003	2.07094058887558e+000,0.00000000000000e+000
8.77584584584581e+003	2.07325023324125e+000,0.00000000000000e+000
8.80586586586583e+003	2.07565377187111e+000,0.00000000000000e+000
8.83588588588585e+003	2.07815150552295e+000,0.00000000000000e+000
8.86590590590587e+003	2.08074373894773e+000,0.00000000000000e+000
8.89592592592589e+003	2.08343078023363e+000,0.00000000000000e+000
8.92594594594591e+003	2.08621294011051e+000,0.00000000000000e+000
8.95596596596593e+003	2.08909053121278e+000,0.00000000000000e+000
8.98598598598595e+003	2.09206386729807e+000,0.00000000000000e+000
9.01600600600597e+003	2.09513326241930e+000,0.00000000000000e+000
9.04602602602599e+003	2.09829903004756e+000,0.00000000000000e+000
9.07604604604601e+003	2.10156148214284e+000,0.00000000000000e+000
9.10606606606603e+003	2.10492092816998e+000,0.00000000000000e+000
9.13608608608605e+003	2.10837767405660e+000,0.00000000000000e+000
9.16610610610607e+003	2.11193202108994e+000,0.00000000000000e+000
9.19612612612609e+003	2.11558426474928e+000,0.00000000000000e+000
9.22614614614611e+003	2.11933469347040e+000,0.00000000000000e+000
9.25616616616613e+003	2.12318358733859e+000,0.00000000000000e+000
9.28618618618615e+003	2.12713121670623e+000,0.00000000000000e+000
9.31620620620617e+003	2.13117784073115e+000,0.00000000000000e+000
9.34622622622619e+003	2.13532370583161e+000,0.00000000000000e+000
9.37624624624621e+003	2.13956904405354e+000,0.00000000000000e+000
9.40626626626623e+003	2.14391407134561e+000,0.00000000000000e+000
9.43628628628625e+003	2.14835898573755e+000,0.00000000000000e+000
9.46630630630627e+003	2.15290396541679e+000,0.00000000000000e+000
9.49632632632629e+003	2.15754916669847e+000,0.00000000000000e+000
9.52634634634630e+003	2.16229472188365e+000,0.00000000000000e+000
9.55636636636632e+003	2.16714073700032e+000,0.00000000000000e+000
9.58638638638634e+003	2.17208728942167e+000,0.00000000000000e+000
9.61640640640636e+003	2.17713442535592e+000,0.00000000000000e+000
9.64642642642638e+003	2.18228215720180e+000,0.00000000000000e+000
9.67644644644640e+003	2.18753046076367e+000,0.00000000000000e+000
9.70646646646642e+003	2.19287927231999e+000,0.00000000000000e+000
9.73648648648644e+003	2.19832848553880e+000,0.00000000000000e+000
9.76650650650646e+003	2.20387794823385e+000,0.00000000000000e+000
9.79652652652648e+003	2.20952745895448e+000,0.00000000000000e+000
9.82654654654650e+003	2.21527676340285e+000,0.00000000000000e+000
9.85656656656652e+003	2.22112555067149e+000,0.00000000000000e+000
9.88658658658654e+003	2.22707344929442e+000,0.00000000000000e+000
9.91660660660656e+003	2.23312002310494e+000,0.00000000000000e+000
9.94662662662658e+003	2.23926476689312e+000,0.00000000000000e+000
9.97664664664660e+003	2.24550710185638e+000,0.00000000000000e+000
1.00066666666666e+004	2.25184637083606e+000,0.00000000000000e+000
1.00366866866866e+004	2.25828183333368e+000,0.00000000000000e+000
1.00667067067067e+004	2.26481266030032e+000,0.00000000000000e+000
1.00967267267267e+004	2.27143792869286e+000,0.00000000000000e+000
1.01267467467467e+004	2.27815661579134e+000,0.00000000000000e+000
1.01567667667667e+004	2.28496759327199e+000,0.00000000000000e+000
1.01867867867867e+004	2.29186962103074e+000,0.00000000000000e+000
1.02168068068068e+004	2.29886134075313e+000,0.00000000000000e+000
1.02468268268268e+004	2.30594126922652e+000,0.00000000000000e+000
1.02768468468468e+004	2.31310779139202e+000,0.00000000000000e+000
1.03068668668668e+004	2.32035915313388e+000,0.00000000000000e+000
1.03368868868868e+004	2.32769345380556e+000,0.00000000000000e+000
1.03669069069069e+004	2.33510863849268e+000,0.00000000000000e+000
1.03969269269269e+004	2.34260249001451e+000,0.00000000000000e+000
1.04269469469469e+004	2.35017262066724e+000,0.00000000000000e+000
1.04569669669669e+004	2.35781646371400e+000,0.00000000000000e+000
1.04869869869869e+004	2.36553126462849e+000,0.00000000000000e+000
1.05170070070070e+004	2.37331407210131e+000,0.00000000000000e+000
1.05470270270270e+004	2.38116172882058e+000,0.00000000000000e+000
1.05770470470470e+004	2.38907086204090e+000,0.00000000000000e+000
1.06070670670670e+004	2.39703787395773e+000,0.00000000000000e+000
1.06370870870870e+004	2.40505893190754e+000,0.00000000000000e+000
1.06671071071071e+004	2.41312995841739e+000,0.00000000000000e+000
1.06971271271271e+004	2.42124662113151e+000,0.00000000000000e+000
1.07271471471471e+004	2.42940432264653e+000,0.00000000000000e+000
1.07571671671671e+004	2.43759819029139e+000,0.00000000000000e+000
1.07871871871871e+004	2.44582306589259e+000,0.00000000000000e+000
1.08172072072072e+004	2.45407349557070e+000,0.00000000000000e+000
1.08472272272272e+004	2.46234371961929e+000,0.00000000000000e+000
1.08772472472472e+004	2.47062766252294e+000,0.00000000000000e+000
1.09072672672672e+004	2.47891892317732e+000,0.00000000000000e+000
1.09372872872872e+004	2.48721076538022e+000,0.00000000000000e+000
1.09673073073073e+004	2.49549610866909e+000,0.00000000000000e+000
1.09973273273273e+004	2.50376751958727e+000,0.00000000000000e+000
1.10273473473473e+004	2.51201720346793e+000,0.00000000000000e+000
1.10573673673673e+004	2.52023699683175e+000,0.00000000000000e+000
1.10873873873873e+004	2.52841836050137e+000,0.00000000000000e+000
1.11174074074074e+004	2.53655237354262e+000,0.00000000000000e+000
1.11474274274274e+004	2.54462972814935e+000,0.00000000000000e+000
1.11774474474474e+004	2.55264072559539e+000,0.00000000000000e+000
1.12074674674674e+004	2.56057527338339e+000,0.00000000000000e+000
1.12374874874874e+004	2.56842288372614e+000,0.00000000000000e+000
1.12675075075074e+004	2.57617267350113e+000,0.00000000000000e+000
1.12975275275275e+004	2.58381336582352e+000,0.00000000000000e+000
1.13275475475475e+004	2.59133329338612e+000,0.00000000000000e+000
1.13575675675675e+004	2.59872040371735e+000,0.00000000000000e+000
1.13875875875875e+004	2.60596226650901e+000,0.00000000000000e+000
1.14176076076075e+004	2.61304608316519e+000,0.00000000000000e+000
1.14476276276276e+004	2.61995869872128e+000,0.00000000000000e+000
1.14776476476476e+004	2.62668661627772e+000,0.00000000000000e+000
1.15076676676676e+004	2.63321601408672e+000,0.00000000000000e+000
1.15376876876876e+004	2.63953276542118e+000,0.00000000000000e+000
1.15677077077076e+004	2.64562246134369e+000,0.00000000000000e+000
1.15977277277277e+004	2.65147043647929e+000,0.00000000000000e+000
1.16277477477477e+004	2.65706179787844e+000,0.00000000000000e+000
1.16577677677677e+004	2.66238145703685e+000,0.00000000000000e+000
1.16877877877877e+004	2.66741416511518e+000,0.00000000000000e+000
1.17178078078077e+004	2.67214455137576e+000,0.00000000000000e+000
1.17478278278278e+004	2.67655716482386e+000,0.00000000000000e+000
1.17778478478478e+004	2.68063651900879e+000,0.00000000000000e+000
1.18078678678678e+004	2.68436713990501e+000,0.00000000000000e+000
1.18378878878878e+004	2.68773361675563e+000,0.00000000000000e+000
1.18679079079078e+004	2.69072065572109e+000,0.00000000000000e+000
1.18979279279279e+004	2.69331313613377e+000,0.00000000000000e+000
1.19279479479479e+004	2.69549616911683e+000,0.00000000000000e+000
1.19579679679679e+004	2.69725515828150e+000,0.00000000000000e+000
1.19879879879879e+004	2.69857586217389e+000,0.00000000000000e+000
1.20180080080079e+004	2.69944445809940e+000,0.00000000000000e+000
1.20480280280280e+004	2.69984760691160e+000,0.00000000000000e+000
1.20780480480480e+004	2.69977251831372e+000,0.00000000000000e+000
1.21080680680680e+004	2.69920701618565e+000,0.00000000000000e+000
1.21380880880880e+004	2.69813960341802e+000,0.00000000000000e+000
1.21681081081080e+004	2.69655952570917e+000,0.00000000000000e+000
1.21981281281281e+004	2.69445683376096e+000,0.00000000000000e+000
1.22281481481481e+004	2.69182244329624e+000,0.00000000000000e+000
1.22581681681681e+004	2.68864819231544e+000,0.00000000000000e+000
1.22881881881881e+004	2.68492689501233e+000,0.00000000000000e+000
1.23182082082081e+004	2.68065239178053e+000,0.00000000000000e+000
1.23482282282282e+004	2.67581959476200e+000,0.00000000000000e+000
1.23782482482482e+004	2.67042452841858e+000,0.00000000000000e+000
1.24082682682682e+004	2.66446436464492e+000,0.00000000000000e+000
1.24382882882882e+004	2.65793745198817e+000,0.00000000000000e+000
1.24683083083082e+004	2.65084333859419e+000,0.00000000000000e+000
1.24983283283283e+004	2.64318278856169e+000,0.00000000000000e+000
1.25283483483483e+004	2.63495779145415e+000,0.00000000000000e+000
1.25583683683683e+004	2.62617156479244e+000,0.00000000000000e+000
1.25883883883883e+004	2.61682854942870e+000,0.00000000000000e+000
1.26184084084083e+004	2.60693439778168e+000,0.00000000000000e+000
1.26484284284284e+004	2.59649595499503e+000,0.00000000000000e+000
1.26784484484484e+004	2.58552123316034e+000,0.00000000000000e+000
1.27084684684684e+004	2.57401937882602e+000,0.00000000000000e+000
1.27384884884884e+004	2.56200063408767e+000,0.00000000000000e+000
1.27685085085084e+004	2.54947629162703e+000,0.00000000000000e+000
1.27985285285285e+004	2.53645864413043e+000,0.00000000000000e+000
1.28285485485485e+004	2.52296092857547e+000,0.00000000000000e+000
1.28585685685685e+004	2.50899726592365e+000,0.00000000000000e+000
1.28885885885885e+004	2.49458259679734e+000,0.00000000000000e+000
1.29186086086085e+004	2.47973261375033e+000,0.00000000000000e+000
1.29486286286286e+004	2.46446369076281e+000,0.00000000000000e+000
1.29786486486486e+004	2.44879281060309e+000,0.00000000000000e+000
1.30086686686686e+004	2.43273749070099e+000,0.00000000000000e+000
1.30386886886886e+004	2.41631570817032e+000,0.00000000000000e+000
1.30687087087086e+004	2.39954582460241e+000,0.00000000000000e+000
1.30987287287287e+004	2.38244651122909e+000,0.00000000000000e+000
1.31287487487487e+004	2.36503667502265e+000,0.00000000000000e+000
1.31587687687687e+004	2.34733538626342e+000,0.00000000000000e+000
1.31887887887887e+004	2.32936180806350e+000,0.00000000000000e+000
1.32188088088087e+004	2.31113512828906e+000,0.00000000000000e+000
1.32488288288288e+004	2.29267449427419e+000,0.00000000000000e+000
1.32788488488488e+004	2.27399895066805e+000,0.00000000000000e+000
1.33088688688688e+004	2.25512738070491e+000,0.00000000000000e+000
1.33388888888888e+004	2.23607845113394e+000,0.00000000000000e+000
1.33689089089088e+004	2.21687056099426e+000,0.00000000000000e+000
1.33989289289289e+004	2.19752179437063e+000,0.00000000000000e+000
1.34289489489489e+004	2.17804987721719e+000,0.00000000000000e+000
1.34589689689689e+004	2.15847213829168e+000,0.00000000000000e+000
1.34889889889889e+004	2.13880547420057e+000,0.00000000000000e+000
1.35190090090089e+004	2.11906631851736e+000,0.00000000000000e+000
1.35490290290289e+004	2.09927061490173e+000,0.00000000000000e+000
1.35790490490490e+004	2.07943379411656e+000,0.00000000000000e+000
1.36090690690690e+004	2.05957075481349e+000,0.00000000000000e+000
1.36390890890890e+004	2.03969584793483e+000,0.00000000000000e+000
1.36691091091090e+004	2.01982286456139e+000,0.00000000000000e+000
1.36991291291290e+004	1.99996502702027e+000,0.00000000000000e+000
1.37291491491491e+004	1.98013498305571e+000,0.00000000000000e+000
1.37591691691691e+004	1.96034480285791e+000,0.00000000000000e+000
1.37891891891891e+004	1.94060597873958e+000,0.00000000000000e+000
1.38192092092091e+004	1.92092942724768e+000,0.00000000000000e+000
1.38492292292291e+004	1.90132549349837e+000,0.00000000000000e+000
1.38792492492492e+004	1.88180395752511e+000,0.00000000000000e+000
1.39092692692692e+004	1.86237404243440e+000,0.00000000000000e+000
1.39392892892892e+004	1.84304442416975e+000,0.00000000000000e+000
1.39693093093092e+004	1.82382324269119e+000,0.00000000000000e+000
1.39993293293292e+004	1.80471811438651e+000,0.00000000000000e+000
1.40293493493493e+004	1.78573614553932e+000,0.00000000000000e+000
1.40593693693693e+004	1.76688394668882e+000,0.00000000000000e+000
1.40893893893893e+004	1.74816764772677e+000,0.00000000000000e+000
1.41194094094093e+004	1.72959291358706e+000,0.00000000000000e+000
1.41494294294293e+004	1.71116496039470e+000,0.00000000000000e+000
1.41794494494494e+004	1.69288857195088e+000,0.00000000000000e+000
1.42094694694694e+004	1.67476811644182e+000,0.00000000000000e+000
1.42394894894894e+004	1.65680756326892e+000,0.00000000000000e+000
1.42695095095094e+004	1.63901049990796e+000,0.00000000000000e+000
1.42995295295294e+004	1.62138014871432e+000,0.00000000000000e+000
1.43295495495495e+004	1.60391938360042e+000,0.00000000000000e+000
1.43595695695695e+004	1.58663074652030e+000,0.00000000000000e+000
1.43895895895895e+004	1.56951646370403e+000,0.00000000000000e+000
1.44196096096095e+004	1.55257846159263e+000,0.00000000000000e+000
1.44496296296295e+004	1.53581838243093e+000,0.00000000000000e+000
1.44796496496496e+004	1.51923759948258e+000,0.00000000000000e+000
1.45096696696696e+004	1.50283723183727e+000,0.00000000000000e+000
1.45396896896896e+004	1.48661815878604e+000,0.00000000000000e+000
1.45697097097096e+004	1.47058103374508e+000,0.00000000000000e+000
1.45997297297296e+004	1.45472629771375e+000,0.00000000000000e+000
1.46297497497497e+004	1.43905419225589e+000,0.00000000000000e+000
1.46597697697697e+004	1.42356477199785e+000,0.00000000000000e+000
1.46897897897897e+004	1.40825791663945e+000,0.00000000000000e+000
1.47198098098097e+004	1.39313334247755e+000,0.00000000000000e+000
1.47498298298297e+004	1.37819061344384e+000,0.00000000000000e+000
1.47798498498498e+004	1.36342915166135e+000,0.00000000000000e+000
1.48098698698698e+004	1.34884824752580e+000,0.00000000000000e+000
1.48398898898898e+004	1.33444706931947e+000,0.00000000000000e+000
1.48699099099098e+004	1.32022467236717e+000,0.00000000000000e+000
1.48999299299298e+004	1.30618000774447e+000,0.00000000000000e+000
1.49299499499499e+004	1.29231193054993e+000,0.00000000000000e+000
1.49599699699699e+004	1.27861920775346e+000,0.00000000000000e+000
1.49899899899899e+004	1.26510052563372e+000,0.00000000000000e+000
1.50200100100099e+004	1.25175449681800e+000,0.00000000000000e+000
1.50500300300299e+004	1.23857966693827e+000,0.00000000000000e+000
1.50800500500500e+004	1.22557452091735e+000,0.00000000000000e+000
1.51100700700700e+004	1.21273748889932e+000,0.00000000000000e+000
1.51400900900900e+004	1.20006695183827e+000,0.00000000000000e+000
1.51701101101100e+004	1.18756124675930e+000,0.00000000000000e+000
1.52001301301300e+004	1.17521867170603e+000,0.00000000000000e+000
1.52301501501501e+004	1.16303749038792e+000,0.00000000000000e+000
1.52601701701701e+004	1.15101593654138e+000,0.00000000000000e+000
1.52901901901901e+004	1.13915221801757e+000,0.00000000000000e+000
1.53202102102101e+004	1.12744452060996e+000,0.00000000000000e+000
1.53502302302301e+004	1.11589101163431e+000,0.00000000000000e+000
1.53802502502502e+004	1.10448984327310e+000,0.00000000000000e+000
1.54102702702702e+004	1.09323915569658e+000,0.00000000000000e+000
1.54402902902902e+004	1.08213707997157e+000,0.00000000000000e+000
1.54703103103102e+004	1.07118174076926e+000,0.00000000000000e+000
1.55003303303302e+004	1.06037125888272e+000,0.00000000000000e+000
1.55303503503503e+004	1.04970375356418e+000,0.00000000000000e+000
1.55603703703703e+004	1.03917734469206e+000,0.00000000000000e+000
1.55903903903903e+004	1.02879015477718e+000,0.00000000000000e+000
1.56204104104103e+004	1.01854031081706e+000,0.00000000000000e+000
1.56504304304303e+004	1.00842594600712e+000,0.00000000000000e+000
1.56804504504503e+004	9.98445201316870e-001,0.00000000000000e+000
1.57104704704704e+004	9.88596226939026e-001,0.00000000000000e+000
1.57404904904904e+004	9.78877183619081e-001,0.00000000000000e+000
1.57705105105104e+004	9.69286243872371e-001,0.00000000000000e+000
1.58005305305304e+004	9.59821593095502e-001,0.00000000000000e+000
1.58305505505504e+004	9.50481430578551e-001,0.00000000000000e+000
1.58605705705705e+004	9.41263970424164e-001,0.00000000000000e+000
1.58905905905905e+004	9.32167442379383e-001,0.00000000000000e+000
1.59206106106105e+004	9.23190092585630e-001,0.00000000000000e+000
1.59506306306305e+004	9.14330184252179e-001,0.00000000000000e+000
1.59806506506505e+004	9.05585998257944e-001,0.00000000000000e+000
1.60106706706706e+004	8.96955833686309e-001,0.00000000000000e+000
1.60406906906906e+004	8.88438008297372e-001,0.00000000000000e+000
1.60707107107106e+004	8.80030858941833e-001,0.00000000000000e+000
1.61007307307306e+004	8.71732741920369e-001,0.00000000000000e+000
1.61307507507506e+004	8.63542033292304e-001,0.00000000000000e+000
1.61607707707707e+004	8.55457129136995e-001,0.00000000000000e+000
1.61907907907907e+004	8.47476445771295e-001,0.00000000000000e+000
1.62208108108107e+004	8.39598419926141e-001,0.00000000000000e+000
1.62508308308307e+004	8.31821508885272e-001,0.00000000000000e+000
1.62808508508507e+004	8.24144190588731e-001,0.00000000000000e+000
1.63108708708708e+004	8.16564963703828e-001,0.00000000000000e+000
1.63408908908908e+004	8.09082347665963e-001,0.00000000000000e+000
1.63709109109108e+004	8.01694882691573e-001,0.00000000000000e+000
1.64009309309308e+004	7.94401129765389e-001,0.00000000000000e+000
1.64309509509508e+004	7.87199670604014e-001,0.00000000000000e+000
1.64609709709709e+004	7.80089107597688e-001,0.00000000000000e+000
1.64909909909909e+004	7.73068063732029e-001,0.00000000000000e+000
1.65210110110109e+004	7.66135182491424e-001,0.00000000000000e+000
1.65510310310309e+004	7.59289127745608e-001,0.00000000000000e+000
1.65810510510509e+004	7.52528583620897e-001,0.00000000000000e+000
1.66110710710710e+004	7.45852254357435e-001,0.00000000000000e+000
1.66410910910910e+004	7.39258864153752e-001,0.00000000000000e+000
1.66711111111110e+004	7.32747156999784e-001,0.00000000000000e+000
1.67011311311310e+004	7.26315896499515e-001,0.00000000000000e+000
1.67311511511510e+004	7.19963865684249e-001,0.00000000000000e+000
1.67611711711711e+004	7.13689866817502e-001,0.00000000000000e+000
1.67911911911911e+004	7.07492721192414e-001,0.00000000000000e+000
1.68212112112111e+004	7.01371268922520e-001,0.00000000000000e+000
1.68512312312311e+004	6.95324368726678e-001,0.00000000000000e+000
1.68812512512511e+004	6.89350897708860e-001,0.00000000000000e+000
1.69112712712712e+004	6.83449751133547e-001,0.00000000000000e+000
1.69412912912912e+004	6.77619842197271e-001,0.00000000000000e+000
1.69713113113112e+004	6.71860101796976e-001,0.00000000000000e+000
1.70013313313312e+004	6.66169478295692e-001,0.00000000000000e+000
1.70313513513512e+004	6.60546937286052e-001,0.00000000000000e+000
1.70613713713713e+004	6.54991461352109e-001,0.00000000000000e+000
1.70913913913913e+004	6.49502049829881e-001,0.00000000000000e+000
1.71214114114113e+004	6.44077718567059e-001,0.00000000000000e+000
1.71514314314313e+004	6.38717499682189e-001,0.00000000000000e+000
1.71814514514513e+004	6.33420441323731e-001,0.00000000000000e+000
1.72114714714714e+004	6.28185607429266e-001,0.00000000000000e+000
1.72414914914914e+004	6.23012077485157e-001,0.00000000000000e+000
1.72715115115114e+004	6.17898946286926e-001,0.00000000000000e+000
1.73015315315314e+004	6.12845323700607e-001,0.00000000000000e+000
1.73315515515514e+004	6.07850334425250e-001,0.00000000000000e+000
1.73615715715715e+004	6.02913117756845e-001,0.00000000000000e+000
1.73915915915915e+004	5.98032827353799e-001,0.00000000000000e+000
1.74216116116115e+004	5.93208631004153e-001,0.00000000000000e+000
1.74516316316315e+004	5.88439710394701e-001,0.00000000000000e+000
1.74816516516515e+004	5.83725260882138e-001,0.00000000000000e+000
1.75116716716716e+004	5.79064491266348e-001,0.00000000000000e+000
1.75416916916916e+004	5.74456623565979e-001,0.00000000000000e+000
1.75717117117116e+004	5.69900892796376e-001,0.00000000000000e+000
1.76017317317316e+004	5.65396546749967e-001,0.00000000000000e+000
1.76317517517516e+004	5.60942845779182e-001,0.00000000000000e+000
1.76617717717717e+004	5.56539062581977e-001,0.00000000000000e+000
1.76917917917917e+004	5.52184481990021e-001,0.00000000000000e+000
1.77218118118117e+004	5.47878400759593e-001,0.00000000000000e+000
1.77518318318317e+004	5.43620127365233e-001,0.00000000000000e+000
1.77818518518517e+004	5.39408981796204e-001,0.00000000000000e+000
1.78118718718718e+004	5.35244295355747e-001,0.00000000000000e+000
1.78418918918918e+004	5.31125410463222e-001,0.00000000000000e+000
1.78719119119118e+004	5.27051680459087e-001,0.00000000000000e+000
1.79019319319318e+004	5.23022469412770e-001,0.00000000000000e+000
1.79319519519518e+004	5.19037151933424e-001,0.00000000000000e+000
1.79619719719718e+004	5.15095112983584e-001,0.00000000000000e+000
1.79919919919919e+004	5.11195747695704e-001,0.00000000000000e+000
1.80220120120119e+004	5.07338461191589e-001,0.00000000000000e+000
1.80520320320319e+004	5.03522668404713e-001,0.00000000000000e+000
1.80820520520519e+004	4.99747793905395e-001,0.00000000000000e+000
1.81120720720719e+004	4.96013271728844e-001,0.00000000000000e+000
1.81420920920920e+004	4.92318545206045e-001,0.00000000000000e+000
1.81721121121120e+004	4.88663066797459e-001,0.00000000000000e+000
1.82021321321320e+004	4.85046297929531e-001,0.00000000000000e+000
1.82321521521520e+004	4.81467708833983e-001,0.00000000000000e+000
1.82621721721720e+004	4.77926778389857e-001,0.00000000000000e+000
1.82921921921921e+004	4.74422993968282e-001,0.00000000000000e+000
1.83222122122121e+004	4.70955851279956e-001,0.00000000000000e+000
1.83522322322321e+004	4.67524854225295e-001,0.00000000000000e+000
1.83822522522521e+004	4.64129514747221e-001,0.00000000000000e+000
1.84122722722721e+004	4.60769352686569e-001,0.00000000000000e+000
1.84422922922922e+004	4.57443895640074e-001,0.00000000000000e+000
1.84723123123122e+004	4.54152678820909e-001,0.00000000000000e+000
1.85023323323322e+004	4.50895244921724e-001,0.00000000000000e+000
1.85323523523522e+004	4.47671143980188e-001,0.00000000000000e+000
1.85623723723722e+004	4.44479933246956e-001,0.00000000000000e+000
1.85923923923923e+004	4.41321177056068e-001,0.00000000000000e+000
1.86224124124123e+004	4.38194446697709e-001,0.00000000000000e+000
1.86524324324323e+004	4.35099320293322e-001,0.00000000000000e+000
1.86824524524523e+004	4.32035382673017e-001,0.00000000000000e+000
1.87124724724723e+004	4.29002225255262e-001,0.00000000000000e+000
1.87424924924924e+004	4.25999445928800e-001,0.00000000000000e+000
1.87725125125124e+004	4.23026648936774e-001,0.00000000000000e+000
1.88025325325324e+004	4.20083444763004e-001,0.00000000000000e+000
1.88325525525524e+004	4.17169450020405e-001,0.00000000000000e+000
1.88625725725724e+004	4.14284287341487e-001,0.00000000000000e+000
1.88925925925925e+004	4.11427585270925e-001,0.00000000000000e+000
1.89226126126125e+004	4.08598978160135e-001,0.00000000000000e+000
1.89526326326325e+004	4.05798106063855e-001,0.00000000000000e+000
1.89826526526525e+004	4.03024614638667e-001,0.00000000000000e+000
1.90126726726725e+004	4.00278155043443e-001,0.00000000000000e+000
1.90426926926926e+004	3.97558383841674e-001,0.00000000000000e+000
1.90727127127126e+004	3.94864962905654e-001,0.00000000000000e+000
1.91027327327326e+004	3.92197559322477e-001,0.00000000000000e+000
1.91327527527526e+004	3.89555845301818e-001,0.00000000000000e+000
1.91627727727726e+004	3.86939498085479e-001,0.00000000000000e+000
1.91927927927927e+004	3.84348199858632e-001,0.00000000000000e+000
1.92228128128127e+004	3.81781637662776e-001,0.00000000000000e+000
1.92528328328327e+004	3.79239503310331e-001,0.00000000000000e+000
1.92828528528527e+004	3.76721493300870e-001,0.00000000000000e+000
1.93128728728727e+004	3.74227308738942e-001,0.00000000000000e+000
1.93428928928928e+004	3.71756655253456e-001,0.00000000000000e+000
1.93729129129128e+004	3.69309242918611e-001,0.00000000000000e+000
1.94029329329328e+004	3.66884786176324e-001,0.00000000000000e+000
1.94329529529528e+004	3.64483003760135e-001,0.00000000000000e+000
1.94629729729728e+004	3.62103618620574e-001,0.00000000000000e+000
1.94929929929929e+004	3.59746357851928e-001,0.00000000000000e+000
1.95230130130129e+004	3.57410952620420e-001,0.00000000000000e+000
1.95530330330329e+004	3.55097138093748e-001,0.00000000000000e+000
1.95830530530529e+004	3.52804653371966e-001,0.00000000000000e+000
1.96130730730729e+004	3.50533241419671e-001,0.00000000000000e+000
1.96430930930930e+004	3.48282648999498e-001,0.00000000000000e+000
1.96731131131130e+004	3.46052626606854e-001,0.00000000000000e+000
1.97031331331330e+004	3.43842928405909e-001,0.00000000000000e+000
1.97331531531530e+004	3.41653312166793e-001,0.00000000000000e+000
1.97631731731730e+004	3.39483539203983e-001,0.00000000000000e+000
1.97931931931931e+004	3.37333374315863e-001,0.00000000000000e+000
1.98232132132131e+004	3.35202585725419e-001,0.00000000000000e+000
1.98532332332331e+004	3.33090945022068e-001,0.00000000000000e+000
1.98832532532531e+004	3.30998227104562e-001,0.00000000000000e+000
1.99132732732731e+004	3.28924210125002e-001,0.00000000000000e+000
1.99432932932932e+004	3.26868675433882e-001,0.00000000000000e+000
1.99733133133132e+004	3.24831407526175e-001,0.00000000000000e+000
2.00033333333332e+004	3.22812193988437e-001,0.00000000000000e+000
2.00333533533532e+004	3.20810825446906e-001,0.00000000000000e+000
2.00633733733732e+004	3.18827095516566e-001,0.00000000000000e+000
2.00933933933932e+004	3.16860800751173e-001,0.00000000000000e+000
2.01234134134133e+004	3.14911740594220e-001,0.00000000000000e+000
2.01534334334333e+004	3.12979717330808e-001,0.00000000000000e+000
2.01834534534533e+004	3.11064536040426e-001,0.00000000000000e+000
2.02134734734733e+004	3.09166004550609e-001,0.00000000000000e+000
2.02434934934933e+004	3.07283933391457e-001,0.00000000000000e+000
2.02735135135134e+004	3.05418135750999e-001,0.00000000000000e+000
2.03035335335334e+004	3.03568427431396e-001,0.00000000000000e+000
2.03335535535534e+004	3.01734626805941e-001,0.00000000000000e+000
2.03635735735734e+004	2.99916554776869e-001,0.00000000000000e+000
2.03935935935934e+004	2.98114034733943e-001,0.00000000000000e+000
2.04236136136135e+004	2.96326892513800e-001,0.00000000000000e+000
2.04536336336335e+004	2.94554956360054e-001,0.00000000000000e+000
2.04836536536535e+004	2.92798056884129e-001,0.00000000000000e+000
2.05136736736735e+004	2.91056027026818e-001,0.00000000000000e+000
2.05436936936935e+004	2.89328702020535e-001,0.00000000000000e+000
2.05737137137136e+004	2.87615919352277e-001,0.00000000000000e+000
2.06037337337336e+004	2.85917518727248e-001,0.00000000000000e+000
2.06337537537536e+004	2.84233342033155e-001,0.00000000000000e+000
2.06637737737736e+004	2.82563233305156e-001,0.00000000000000e+000
2.06937937937936e+004	2.80907038691439e-001,0.00000000000000e+000
2.07238138138137e+004	2.79264606419437e-001,0.00000000000000e+000
2.07538338338337e+004	2.77635786762649e-001,0.00000000000000e+000
2.07838538538537e+004	2.76020432008065e-001,0.00000000000000e+000
2.08138738738737e+004	2.74418396424178e-001,0.00000000000000e+000
2.08438938938937e+004	2.72829536229574e-001,0.00000000000000e+000
2.08739139139138e+004	2.71253709562092e-001,0.00000000000000e+000
2.09039339339338e+004	2.69690776448533e-001,0.00000000000000e+000
2.09339539539538e+004	2.68140598774918e-001,0.00000000000000e+000
2.09639739739738e+004	2.66603040257275e-001,0.00000000000000e+000
2.09939939939938e+004	2.65077966412951e-001,0.00000000000000e+000
2.10240140140139e+004	2.63565244532439e-001,0.00000000000000e+000
2.10540340340339e+004	2.62064743651702e-001,0.00000000000000e+000
2.10840540540539e+004	2.60576334524992e-001,0.00000000000000e+000
2.11140740740739e+004	2.59099889598154e-001,0.00000000000000e+000
2.11440940940939e+004	2.57635282982401e-001,0.00000000000000e+000
2.11741141141140e+004	2.56182390428554e-001,0.00000000000000e+000
2.12041341341340e+004	2.54741089301734e-001,0.00000000000000e+000
2.12341541541540e+004	2.53311258556509e-001,0.00000000000000e+000
2.12641741741740e+004	2.51892778712466e-001,0.00000000000000e+000
2.12941941941940e+004	2.50485531830224e-001,0.00000000000000e+000
2.13242142142141e+004	2.49089401487859e-001,0.00000000000000e+000
2.13542342342341e+004	2.47704272757748e-001,0.00000000000000e+000
2.13842542542541e+004	2.46330032183810e-001,0.00000000000000e+000
2.14142742742741e+004	2.44966567759154e-001,0.00000000000000e+000
2.14442942942941e+004	2.43613768904106e-001,0.00000000000000e+000
2.14743143143142e+004	2.42271526444620e-001,0.00000000000000e+000
2.15043343343342e+004	2.40939732591072e-001,0.00000000000000e+000
2.15343543543542e+004	2.39618280917408e-001,0.00000000000000e+000
2.15643743743742e+004	2.38307066340659e-001,0.00000000000000e+000
2.15943943943942e+004	2.37005985100809e-001,0.00000000000000e+000
2.16244144144143e+004	2.35714934741006e-001,0.00000000000000e+000
2.16544344344343e+004	2.34433814088119e-001,0.00000000000000e+000
2.16844544544543e+004	2.33162523233619e-001,0.00000000000000e+000
2.17144744744743e+004	2.31900963514795e-001,0.00000000000000e+000
2.17444944944943e+004	2.30649037496285e-001,0.00000000000000e+000
2.17745145145144e+004	2.29406648951926e-001,0.00000000000000e+000
2.18045345345344e+004	2.28173702846908e-001,0.00000000000000e+000
2.18345545545544e+004	2.26950105320234e-001,0.00000000000000e+000
2.18645745745744e+004	2.25735763667477e-001,0.00000000000000e+000
2.18945945945944e+004	2.24530586323824e-001,0.00000000000000e+000
2.19246146146145e+004	2.23334482847414e-001,0.00000000000000e+000
2.19546346346345e+004	2.22147363902945e-001,0.00000000000000e+000
2.19846546546545e+004	2.20969141245567e-001,0.00000000000000e+000
2.20146746746745e+004	2.19799727705041e-001,0.00000000000000e+000
2.20446946946945e+004	2.18639037170159e-001,0.00000000000000e+000
2.20747147147146e+004	2.17486984573430e-001,0.00000000000000e+000
2.21047347347346e+004	2.16343485876021e-001,0.00000000000000e+000
2.21347547547546e+004	2.15208458052940e-001,0.00000000000000e+000
2.21647747747746e+004	2.14081819078475e-001,0.00000000000000e+000
2.21947947947946e+004	2.12963487911870e-001,0.00000000000000e+000
2.22248148148147e+004	2.11853384483236e-001,0.00000000000000e+000
2.22548348348347e+004	2.10751429679696e-001,0.00000000000000e+000
2.22848548548547e+004	2.09657545331760e-001,0.00000000000000e+000
2.23148748748747e+004	2.08571654199919e-001,0.00000000000000e+000
2.23448948948947e+004	2.07493679961462e-001,0.00000000000000e+000
2.23749149149147e+004	2.06423547197510e-001,0.00000000000000e+000
2.24049349349348e+004	2.05361181380257e-001,0.00000000000000e+000
2.24349549549548e+004	2.04306508860424e-001,0.00000000000000e+000
2.24649749749748e+004	2.03259456854911e-001,0.00000000000000e+000
2.24949949949948e+004	2.02219953434657e-001,0.00000000000000e+000
2.25250150150148e+004	2.01187927512689e-001,0.00000000000000e+000
2.25550350350349e+004	2.00163308832368e-001,0.00000000000000e+000
2.25850550550549e+004	1.99146027955827e-001,0.00000000000000e+000
2.26150750750749e+004	1.98136016252586e-001,0.00000000000000e+000
2.26450950950949e+004	1.97133205888363e-001,0.00000000000000e+000
2.26751151151149e+004	1.96137529814050e-001,0.00000000000000e+000
2.27051351351350e+004	1.95148921754879e-001,0.00000000000000e+000
2.27351551551550e+004	1.94167316199749e-001,0.00000000000000e+000
2.27651751751750e+004	1.93192648390730e-001,0.00000000000000e+000
2.27951951951950e+004	1.92224854312736e-001,0.00000000000000e+000
2.28252152152150e+004	1.91263870683350e-001,0.00000000000000e+000
2.28552352352351e+004	1.90309634942828e-001,0.00000000000000e+000
2.28852552552551e+004	1.89362085244240e-001,0.00000000000000e+000
2.29152752752751e+004	1.88421160443788e-001,0.00000000000000e+000
2.29452952952951e+004	1.87486800091259e-001,0.00000000000000e+000
2.29753153153151e+004	1.86558944420636e-001,0.00000000000000e+000
2.30053353353352e+004	1.85637534340856e-001,0.00000000000000e+000
2.30353553553552e+004	1.84722511426710e-001,0.00000000000000e+000
2.30653753753752e+004	1.83813817909888e-001,0.00000000000000e+000
2.30953953953952e+004	1.82911396670160e-001,0.00000000000000e+000
2.31254154154152e+004	1.82015191226698e-001,0.00000000000000e+000
2.31554354354353e+004	1.81125145729526e-001,0.00000000000000e+000
2.31854554554553e+004	1.80241204951112e-001,0.00000000000000e+000
2.32154754754753e+004	1.79363314278084e-001,0.00000000000000e+000
2.32454954954953e+004	1.78491419703070e-001,0.00000000000000e+000
2.32755155155153e+004	1.77625467816674e-001,0.00000000000000e+000
2.33055355355354e+004	1.76765405799561e-001,0.00000000000000e+000
2.33355555555554e+004	1.75911181414683e-001,0.00000000000000e+000
2.33655755755754e+004	1.75062742999602e-001,0.00000000000000e+000
2.33955955955954e+004	1.74220039458944e-001,0.00000000000000e+000
2.34256156156154e+004	1.73383020256967e-001,0.00000000000000e+000
2.34556356356355e+004	1.72551635410236e-001,0.00000000000000e+000
2.34856556556555e+004	1.71725835480411e-001,0.00000000000000e+000
2.35156756756755e+004	1.70905571567153e-001,0.00000000000000e+000
2.35456956956955e+004	1.70090795301122e-001,0.00000000000000e+000
2.35757157157155e+004	1.69281458837090e-001,0.00000000000000e+000
2.36057357357356e+004	1.68477514847161e-001,0.00000000000000e+000
2.36357557557556e+004	1.67678916514082e-001,0.00000000000000e+000
2.36657757757756e+004	1.66885617524662e-001,0.00000000000000e+000
2.36957957957956e+004	1.66097572063288e-001,0.00000000000000e+000
2.37258158158156e+004	1.65314734805537e-001,0.00000000000000e+000
2.37558358358357e+004	1.64537060911884e-001,0.00000000000000e+000
2.37858558558557e+004	1.63764506021502e-001,0.00000000000000e+000
2.38158758758757e+004	1.62997026246154e-001,0.00000000000000e+000
2.38458958958957e+004	1.62234578164179e-001,0.00000000000000e+000
2.38759159159157e+004	1.61477118814563e-001,0.00000000000000e+000
2.39059359359358e+004	1.60724605691097e-001,0.00000000000000e+000
2.39359559559558e+004	1.59976996736625e-001,0.00000000000000e+000
2.39659759759758e+004	1.59234250337373e-001,0.00000000000000e+000
2.39959959959958e+004	1.58496325317365e-001,0.00000000000000e+000
2.40260160160158e+004	1.57763180932911e-001,0.00000000000000e+000
2.40560360360359e+004	1.57034776867190e-001,0.00000000000000e+000
2.40860560560559e+004	1.56311073224902e-001,0.00000000000000e+000
2.41160760760759e+004	1.55592030526997e-001,0.00000000000000e+000
2.41460960960959e+004	1.54877609705489e-001,0.00000000000000e+000
2.41761161161159e+004	1.54167772098336e-001,0.00000000000000e+000
2.42061361361360e+004	1.53462479444397e-001,0.00000000000000e+000
2.42361561561560e+004	1.52761693878467e-001,0.00000000000000e+000
2.42661761761760e+004	1.52065377926375e-001,0.00000000000000e+000
2.42961961961960e+004	1.51373494500159e-001,0.00000000000000e+000
2.43262162162160e+004	1.50686006893307e-001,0.00000000000000e+000
2.43562362362361e+004	1.50002878776065e-001,0.00000000000000e+000
2.43862562562561e+004	1.49324074190817e-001,0.00000000000000e+000
2.44162762762761e+004	1.48649557547526e-001,0.00000000000000e+000
2.44462962962961e+004	1.47979293619241e-001,0.00000000000000e+000
2.44763163163161e+004	1.47313247537672e-001,0.00000000000000e+000
2.45063363363362e+004	1.46651384788819e-001,0.00000000000000e+000
2.45363563563562e+004	1.45993671208672e-001,0.00000000000000e+000
2.45663763763762e+004	1.45340072978965e-001,0.00000000000000e+000
2.45963963963962e+004	1.44690556622996e-001,0.00000000000000e+000
2.46264164164162e+004	1.44045089001499e-001,0.00000000000000e+000
2.46564364364362e+004	1.43403637308580e-001,0.00000000000000e+000
2.46864564564563e+004	1.42766169067704e-001,0.00000000000000e+000
2.47164764764763e+004	1.42132652127746e-001,0.00000000000000e+000
2.47464964964963e+004	1.41503054659086e-001,0.00000000000000e+000
2.47765165165163e+004	1.40877345149775e-001,0.00000000000000e+000
2.48065365365363e+004	1.40255492401731e-001,0.00000000000000e+000
2.48365565565564e+004	1.39637465527013e-001,0.00000000000000e+000
2.48665765765764e+004	1.39023233944128e-001,0.00000000000000e+000
2.48965965965964e+004	1.38412767374396e-001,0.00000000000000e+000
2.49266166166164e+004	1.37806035838369e-001,0.00000000000000e+000
2.49566366366364e+004	1.37203009652290e-001,0.00000000000000e+000
2.49866566566565e+004	1.36603659424607e-001,0.00000000000000e+000
2.50166766766765e+004	1.36007956052537e-001,0.00000000000000e+000
2.50466966966965e+004	1.35415870718670e-001,0.00000000000000e+000
2.50767167167165e+004	1.34827374887622e-001,0.00000000000000e+000
2.51067367367365e+004	1.34242440302742e-001,0.00000000000000e+000
2.51367567567566e+004	1.33661038982847e-001,0.00000000000000e+000
2.51667767767766e+004	1.33083143219015e-001,0.00000000000000e+000
2.51967967967966e+004	1.32508725571420e-001,0.00000000000000e+000
2.52268168168166e+004	1.31937758866205e-001,0.00000000000000e+000
2.52568368368366e+004	1.31370216192396e-001,0.00000000000000e+000
2.52868568568567e+004	1.30806070898867e-001,0.00000000000000e+000
2.53168768768767e+004	1.30245296591337e-001,0.00000000000000e+000
2.53468968968967e+004	1.29687867129409e-001,0.00000000000000e+000
2.53769169169167e+004	1.29133756623652e-001,0.00000000000000e+000
2.54069369369367e+004	1.28582939432721e-001,0.00000000000000e+000
2.54369569569568e+004	1.28035390160510e-001,0.00000000000000e+000
2.54669769769768e+004	1.27491083653352e-001,0.00000000000000e+000
2.54969969969968e+004	1.26949994997251e-001,0.00000000000000e+000
2.55270170170168e+004	1.26412099515148e-001,0.00000000000000e+000
2.55570370370368e+004	1.25877372764230e-001,0.00000000000000e+000
2.55870570570569e+004	1.25345790533272e-001,0.00000000000000e+000
2.56170770770769e+004	1.24817328840010e-001,0.00000000000000e+000
2.56470970970969e+004	1.24291963928555e-001,0.00000000000000e+000
2.56771171171169e+004	1.23769672266838e-001,0.00000000000000e+000
2.57071371371369e+004	1.23250430544085e-001,0.00000000000000e+000
2.57371571571570e+004	1.22734215668334e-001,0.00000000000000e+000
2.57671771771770e+004	1.22221004763977e-001,0.00000000000000e+000
2.57971971971970e+004	1.21710775169334e-001,0.00000000000000e+000
2.58272172172170e+004	1.21203504434266e-001,0.00000000000000e+000
2.58572372372370e+004	1.20699170317808e-001,0.00000000000000e+000
2.58872572572571e+004	1.20197750785846e-001,0.00000000000000e+000
2.59172772772771e+004	1.19699224008811e-001,0.00000000000000e+000
2.59472972972971e+004	1.19203568359409e-001,0.00000000000000e+000
2.59773173173171e+004	1.18710762410387e-001,0.00000000000000e+000
2.60073373373371e+004	1.18220784932311e-001,0.00000000000000e+000
2.60373573573572e+004	1.17733614891391e-001,0.00000000000000e+000
2.60673773773772e+004	1.17249231447321e-001,0.00000000000000e+000
2.60973973973972e+004	1.16767613951151e-001,0.00000000000000e+000
2.61274174174172e+004	1.16288741943189e-001,0.00000000000000e+000
2.61574374374372e+004	1.15812595150926e-001,0.00000000000000e+000
2.61874574574573e+004	1.15339153486990e-001,0.00000000000000e+000
2.62174774774773e+004	1.14868397047119e-001,0.00000000000000e+000
2.62474974974973e+004	1.14400306108176e-001,0.00000000000000e+000
2.62775175175173e+004	1.13934861126168e-001,0.00000000000000e+000
2.63075375375373e+004	1.13472042734308e-001,0.00000000000000e+000
2.63375575575574e+004	1.13011831741091e-001,0.00000000000000e+000
2.63675775775774e+004	1.12554209128400e-001,0.00000000000000e+000
2.63975975975974e+004	1.12099156049631e-001,0.00000000000000e+000
2.64276176176174e+004	1.11646653827845e-001,0.00000000000000e+000
2.64576376376374e+004	1.11196683953943e-001,0.00000000000000e+000
2.64876576576575e+004	1.10749228084861e-001,0.00000000000000e+000
2.65176776776775e+004	1.10304268041792e-001,0.00000000000000e+000
2.65476976976975e+004	1.09861785808429e-001,0.00000000000000e+000
2.65777177177175e+004	1.09421763529224e-001,0.00000000000000e+000
2.66077377377375e+004	1.08984183507677e-001,0.00000000000000e+000
2.66377577577576e+004	1.08549028204642e-001,0.00000000000000e+000
2.66677777777776e+004	1.08116280236656e-001,0.00000000000000e+000
2.66977977977976e+004	1.07685922374285e-001,0.00000000000000e+000
2.67278178178176e+004	1.07257937540494e-001,0.00000000000000e+000
2.67578378378376e+004	1.06832308809035e-001,0.00000000000000e+000
2.67878578578576e+004	1.06409019402858e-001,0.00000000000000e+000
2.68178778778777e+004	1.05988052692537e-001,0.00000000000000e+000
2.68478978978977e+004	1.05569392194719e-001,0.00000000000000e+000
2.68779179179177e+004	1.05153021570589e-001,0.00000000000000e+000
2.69079379379377e+004	1.04738924624357e-001,0.00000000000000e+000
2.69379579579577e+004	1.04327085301761e-001,0.00000000000000e+000
2.69679779779778e+004	1.03917487688591e-001,0.00000000000000e+000
2.69979979979978e+004	1.03510116009224e-001,0.00000000000000e+000
2.70280180180178e+004	1.03104954625189e-001,0.00000000000000e+000
2.70580380380378e+004	1.02701988033734e-001,0.00000000000000e+000
2.70880580580578e+004	1.02301200866426e-001,0.00000000000000e+000
2.71180780780779e+004	1.01902577887756e-001,0.00000000000000e+000
2.71480980980979e+004	1.01506103993767e-001,0.00000000000000e+000
2.71781181181179e+004	1.01111764210696e-001,0.00000000000000e+000
2.72081381381379e+004	1.00719543693632e-001,0.00000000000000e+000
2.72381581581579e+004	1.00329427725194e-001,0.00000000000000e+000
2.72681781781780e+004	9.99414017142211e-002,0.00000000000000e+000
2.72981981981980e+004	9.95554511944765e-002,0.00000000000000e+000
2.73282182182180e+004	9.91715618233732e-002,0.00000000000000e+000
2.73582382382380e+004	9.87897193807093e-002,0.00000000000000e+000
2.73882582582580e+004	9.84099097674209e-002,0.00000000000000e+000
2.74182782782781e+004	9.80321190043491e-002,0.00000000000000e+000
2.74482982982981e+004	9.76563332310219e-002,0.00000000000000e+000
2.74783183183181e+004	9.72825387044505e-002,0.00000000000000e+000
2.75083383383381e+004	9.69107217979397e-002,0.00000000000000e+000
2.75383583583581e+004	9.65408689999117e-002,0.00000000000000e+000
2.75683783783782e+004	9.61729669127453e-002,0.00000000000000e+000
2.75983983983982e+004	9.58070022516274e-002,0.00000000000000e+000
2.76284184184182e+004	9.54429618434179e-002,0.00000000000000e+000
2.76584384384382e+004	9.50808326255296e-002,0.00000000000000e+000
2.76884584584582e+004	9.47206016448187e-002,0.00000000000000e+000
2.77184784784783e+004	9.43622560564906e-002,0.00000000000000e+000
2.77484984984983e+004	9.40057831230164e-002,0.00000000000000e+000
2.77785185185183e+004	9.36511702130641e-002,0.00000000000000e+000
2.78085385385383e+004	9.32984048004399e-002,0.00000000000000e+000
2.78385585585583e+004	9.29474744630444e-002,0.00000000000000e+000
2.78685785785784e+004	9.25983668818381e-002,0.00000000000000e+000
2.78985985985984e+004	9.22510698398212e-002,0.00000000000000e+000
2.79286186186184e+004	9.19055712210239e-002,0.00000000000000e+000
2.79586386386384e+004	9.15618590095083e-002,0.00000000000000e+000
2.79886586586584e+004	9.12199212883829e-002,0.00000000000000e+000
2.80186786786785e+004	9.08797462388267e-002,0.00000000000000e+000
2.80486986986985e+004	9.05413221391262e-002,0.00000000000000e+000
2.80787187187185e+004	9.02046373637227e-002,0.00000000000000e+000
2.81087387387385e+004	8.98696803822693e-002,0.00000000000000e+000
2.81387587587585e+004	8.95364397587011e-002,0.00000000000000e+000
2.81687787787786e+004	8.92049041503141e-002,0.00000000000000e+000
2.81987987987986e+004	8.88750623068554e-002,0.00000000000000e+000
2.82288188188186e+004	8.85469030696227e-002,0.00000000000000e+000
2.82588388388386e+004	8.82204153705759e-002,0.00000000000000e+000
2.82888588588586e+004	8.78955882314572e-002,0.00000000000000e+000
2.83188788788787e+004	8.75724107629209e-002,0.00000000000000e+000
2.83488988988987e+004	8.72508721636750e-002,0.00000000000000e+000
2.83789189189187e+004	8.69309617196301e-002,0.00000000000000e+000
2.84089389389387e+004	8.66126688030592e-002,0.00000000000000e+000
2.84389589589587e+004	8.62959828717666e-002,0.00000000000000e+000
2.84689789789788e+004	8.59808934682669e-002,0.00000000000000e+000
2.84989989989988e+004	8.56673902189711e-002,0.00000000000000e+000
2.85290190190188e+004	8.53554628333845e-002,0.00000000000000e+000
2.85590390390388e+004	8.50451011033113e-002,0.00000000000000e+000
2.85890590590588e+004	8.47362949020691e-002,0.00000000000000e+000
2.86190790790789e+004	8.44290341837124e-002,0.00000000000000e+000
2.86490990990989e+004	8.41233089822640e-002,0.00000000000000e+000
2.86791191191189e+004	8.38191094109549e-002,0.00000000000000e+000
2.87091391391389e+004	8.35164256614735e-002,0.00000000000000e+000
2.87391591591589e+004	8.32152480032221e-002,0.00000000000000e+000
2.87691791791790e+004	8.29155667825823e-002,0.00000000000000e+000
2.87991991991990e+004	8.26173724221879e-002,0.00000000000000e+000
2.88292192192190e+004	8.23206554202066e-002,0.00000000000000e+000
2.88592392392390e+004	8.20254063496284e-002,0.00000000000000e+000
2.88892592592590e+004	8.17316158575630e-002,0.00000000000000e+000
2.89192792792791e+004	8.14392746645441e-002,0.00000000000000e+000
2.89492992992991e+004	8.11483735638416e-002,0.00000000000000e+000
2.89793193193191e+004	8.08589034207815e-002,0.00000000000000e+000
2.90093393393391e+004	8.05708551720729e-002,0.00000000000000e+000
2.90393593593591e+004	8.02842198251419e-002,0.00000000000000e+000
2.90693793793791e+004	7.99989884574741e-002,0.00000000000000e+000
2.90993993993992e+004	7.97151522159624e-002,0.00000000000000e+000
2.91294194194192e+004	7.94327023162637e-002,0.00000000000000e+000
2.91594394394392e+004	7.91516300421612e-002,0.00000000000000e+000
2.91894594594592e+004	7.88719267449337e-002,0.00000000000000e+000
2.92194794794792e+004	7.85935838427329e-002,0.00000000000000e+000
2.92494994994993e+004	7.83165928199660e-002,0.00000000000000e+000
2.92795195195193e+004	7.80409452266852e-002,0.00000000000000e+000
2.93095395395393e+004	7.77666326779846e-002,0.00000000000000e+000
2.93395595595593e+004	7.74936468534028e-002,0.00000000000000e+000
2.93695795795793e+004	7.72219794963319e-002,0.00000000000000e+000
2.93995995995994e+004	7.69516224134328e-002,0.00000000000000e+000
2.94296196196194e+004	7.66825674740577e-002,0.00000000000000e+000
2.94596396396394e+004	7.64148066096766e-002,0.00000000000000e+000
2.94896596596594e+004	7.61483318133127e-002,0.00000000000000e+000
2.95196796796794e+004	7.58831351389812e-002,0.00000000000000e+000
2.95496996996995e+004	7.56192087011358e-002,0.00000000000000e+000
2.95797197197195e+004	7.53565446741198e-002,0.00000000000000e+000
2.96097397397395e+004	7.50951352916249e-002,0.00000000000000e+000
2.96397597597595e+004	7.48349728461527e-002,0.00000000000000e+000
2.96697797797795e+004	7.45760496884849e-002,0.00000000000000e+000
2.96997997997996e+004	7.43183582271571e-002,0.00000000000000e+000
2.97298198198196e+004	7.40618909279392e-002,0.00000000000000e+000
2.97598398398396e+004	7.38066403133205e-002,0.00000000000000e+000
2.97898598598596e+004	7.35525989620007e-002,0.00000000000000e+000
2.98198798798796e+004	7.32997595083859e-002,0.00000000000000e+000
2.98498998998997e+004	7.30481146420902e-002,0.00000000000000e+000
2.98799199199197e+004	7.27976571074423e-002,0.00000000000000e+000
2.99099399399397e+004	7.25483797029968e-002,0.00000000000000e+000
2.99399599599597e+004	7.23002752810517e-002,0.00000000000000e+000
2.99699799799797e+004	7.20533367471692e-002,0.00000000000000e+000
3.00000000000000e+004	7.18075570597019e-002,0.00000000000000e+000
