Freq.	mag((V(n007)-V(n002))/V(n006))
1.00000000000000e+001	1.12391395129253e-002,0.00000000000000e+000
1.10090090090090e+002	1.23729009844706e-001,0.00000000000000e+000
2.10180180180180e+002	2.36204988350405e-001,0.00000000000000e+000
3.10270270270270e+002	3.48654453203560e-001,0.00000000000000e+000
4.10360360360360e+002	4.61064797829746e-001,0.00000000000000e+000
5.10450450450450e+002	5.73423438143713e-001,0.00000000000000e+000
6.10540540540541e+002	6.85717819756538e-001,0.00000000000000e+000
7.10630630630631e+002	7.97935425143230e-001,0.00000000000000e+000
8.10720720720721e+002	9.10063780761331e-001,0.00000000000000e+000
9.10810810810811e+002	1.02209046411115e+000,0.00000000000000e+000
1.01090090090090e+003	1.13400311072846e+000,0.00000000000000e+000
1.11099099099099e+003	1.24578942110051e+000,0.00000000000000e+000
1.21108108108108e+003	1.35743716749667e+000,0.00000000000000e+000
1.31117117117117e+003	1.46893420070483e+000,0.00000000000000e+000
1.41126126126126e+003	1.58026845666526e+000,0.00000000000000e+000
1.51135135135135e+003	1.69142796299365e+000,0.00000000000000e+000
1.61144144144144e+003	1.80240084538545e+000,0.00000000000000e+000
1.71153153153153e+003	1.91317533389374e+000,0.00000000000000e+000
1.81162162162162e+003	2.02373976907334e+000,0.00000000000000e+000
1.91171171171171e+003	2.13408260798404e+000,0.00000000000000e+000
2.01180180180180e+003	2.24419243004615e+000,0.00000000000000e+000
2.11189189189189e+003	2.35405794274203e+000,0.00000000000000e+000
2.21198198198198e+003	2.46366798715747e+000,0.00000000000000e+000
2.31207207207207e+003	2.57301154335712e+000,0.00000000000000e+000
2.41216216216216e+003	2.68207773558870e+000,0.00000000000000e+000
2.51225225225225e+003	2.79085583731096e+000,0.00000000000000e+000
2.61234234234234e+003	2.89933527604075e+000,0.00000000000000e+000
2.71243243243243e+003	3.00750563801486e+000,0.00000000000000e+000
2.81252252252252e+003	3.11535667266304e+000,0.00000000000000e+000
2.91261261261261e+003	3.22287829688839e+000,0.00000000000000e+000
3.01270270270270e+003	3.33006059915232e+000,0.00000000000000e+000
3.11279279279279e+003	3.43689384336123e+000,0.00000000000000e+000
3.21288288288288e+003	3.54336847255272e+000,0.00000000000000e+000
3.31297297297297e+003	3.64947511237928e+000,0.00000000000000e+000
3.41306306306306e+003	3.75520457438818e+000,0.00000000000000e+000
3.51315315315315e+003	3.86054785909614e+000,0.00000000000000e+000
3.61324324324324e+003	3.96549615885823e+000,0.00000000000000e+000
3.71333333333333e+003	4.07004086053055e+000,0.00000000000000e+000
3.81342342342343e+003	4.17417354792662e+000,0.00000000000000e+000
3.91351351351352e+003	4.27788600406792e+000,0.00000000000000e+000
4.01360360360361e+003	4.38117021322916e+000,0.00000000000000e+000
4.11369369369370e+003	4.48401836277937e+000,0.00000000000000e+000
4.21378378378379e+003	4.58642284482014e+000,0.00000000000000e+000
4.31387387387387e+003	4.68837625762272e+000,0.00000000000000e+000
4.41396396396396e+003	4.78987140686589e+000,0.00000000000000e+000
4.51405405405405e+003	4.89090130667698e+000,0.00000000000000e+000
4.61414414414414e+003	4.99145918047845e+000,0.00000000000000e+000
4.71423423423423e+003	5.09153846164307e+000,0.00000000000000e+000
4.81432432432432e+003	5.19113279396054e+000,0.00000000000000e+000
4.91441441441441e+003	5.29023603191916e+000,0.00000000000000e+000
5.01450450450450e+003	5.38884224080582e+000,0.00000000000000e+000
5.11459459459459e+003	5.48694569662830e+000,0.00000000000000e+000
5.21468468468468e+003	5.58454088586378e+000,0.00000000000000e+000
5.31477477477477e+003	5.68162250503772e+000,0.00000000000000e+000
5.41486486486486e+003	5.77818546013744e+000,0.00000000000000e+000
5.51495495495495e+003	5.87422486586494e+000,0.00000000000000e+000
5.61504504504504e+003	5.96973604473354e+000,0.00000000000000e+000
5.71513513513513e+003	6.06471452601310e+000,0.00000000000000e+000
5.81522522522522e+003	6.15915604452884e+000,0.00000000000000e+000
5.91531531531531e+003	6.25305653931853e+000,0.00000000000000e+000
6.01540540540540e+003	6.34641215215324e+000,0.00000000000000e+000
6.11549549549549e+003	6.43921922592686e+000,0.00000000000000e+000
6.21558558558558e+003	6.53147430291942e+000,0.00000000000000e+000
6.31567567567567e+003	6.62317412293964e+000,0.00000000000000e+000
6.41576576576576e+003	6.71431562135184e+000,0.00000000000000e+000
6.51585585585585e+003	6.80489592699270e+000,0.00000000000000e+000
6.61594594594594e+003	6.89491235998295e+000,0.00000000000000e+000
6.71603603603603e+003	6.98436242943962e+000,0.00000000000000e+000
6.81612612612612e+003	7.07324383109386e+000,0.00000000000000e+000
6.91621621621621e+003	7.16155444481986e+000,0.00000000000000e+000
7.01630630630630e+003	7.24929233207993e+000,0.00000000000000e+000
7.11639639639639e+003	7.33645573329115e+000,0.00000000000000e+000
7.21648648648648e+003	7.42304306511862e+000,0.00000000000000e+000
7.31657657657657e+003	7.50905291770046e+000,0.00000000000000e+000
7.41666666666666e+003	7.59448405180963e+000,0.00000000000000e+000
7.51675675675674e+003	7.67933539595755e+000,0.00000000000000e+000
7.61684684684683e+003	7.76360604344434e+000,0.00000000000000e+000
7.71693693693692e+003	7.84729524936054e+000,0.00000000000000e+000
7.81702702702701e+003	7.93040242754502e+000,0.00000000000000e+000
7.91711711711710e+003	8.01292714750372e+000,0.00000000000000e+000
8.01720720720719e+003	8.09486913129361e+000,0.00000000000000e+000
8.11729729729728e+003	8.17622825037642e+000,0.00000000000000e+000
8.21738738738737e+003	8.25700452244630e+000,0.00000000000000e+000
8.31747747747746e+003	8.33719810823573e+000,0.00000000000000e+000
8.41756756756755e+003	8.41680930830352e+000,0.00000000000000e+000
8.51765765765764e+003	8.49583855980909e+000,0.00000000000000e+000
8.61774774774774e+003	8.57428643327655e+000,0.00000000000000e+000
8.71783783783783e+003	8.65215362935258e+000,0.00000000000000e+000
8.81792792792792e+003	8.72944097556135e+000,0.00000000000000e+000
8.91801801801801e+003	8.80614942306010e+000,0.00000000000000e+000
9.01810810810810e+003	8.88228004339866e+000,0.00000000000000e+000
9.11819819819819e+003	8.95783402528598e+000,0.00000000000000e+000
9.21828828828828e+003	9.03281267136679e+000,0.00000000000000e+000
9.31837837837837e+003	9.10721739501122e+000,0.00000000000000e+000
9.41846846846846e+003	9.18104971712027e+000,0.00000000000000e+000
9.51855855855855e+003	9.25431126294961e+000,0.00000000000000e+000
9.61864864864864e+003	9.32700375895441e+000,0.00000000000000e+000
9.71873873873873e+003	9.39912902965741e+000,0.00000000000000e+000
9.81882882882882e+003	9.47068899454263e+000,0.00000000000000e+000
9.91891891891891e+003	9.54168566497677e+000,0.00000000000000e+000
1.00190090090090e+004	9.61212114116045e+000,0.00000000000000e+000
1.01190990990991e+004	9.68199760911094e+000,0.00000000000000e+000
1.02191891891892e+004	9.75131733767844e+000,0.00000000000000e+000
1.03192792792793e+004	9.82008267559743e+000,0.00000000000000e+000
1.04193693693694e+004	9.88829604857463e+000,0.00000000000000e+000
1.05194594594595e+004	9.95595995641503e+000,0.00000000000000e+000
1.06195495495495e+004	1.00230769701874e+001,0.00000000000000e+000
1.07196396396396e+004	1.00896497294304e+001,0.00000000000000e+000
1.08197297297297e+004	1.01556809394004e+001,0.00000000000000e+000
1.09198198198198e+004	1.02211733683624e+001,0.00000000000000e+000
1.10199099099099e+004	1.02861298449239e+001,0.00000000000000e+000
1.11200000000000e+004	1.03505532554147e+001,0.00000000000000e+000
1.12200900900901e+004	1.04144465413105e+001,0.00000000000000e+000
1.13201801801802e+004	1.04778126967033e+001,0.00000000000000e+000
1.14202702702703e+004	1.05406547658184e+001,0.00000000000000e+000
1.15203603603604e+004	1.06029758405784e+001,0.00000000000000e+000
1.16204504504505e+004	1.06647790582138e+001,0.00000000000000e+000
1.17205405405405e+004	1.07260675989229e+001,0.00000000000000e+000
1.18206306306306e+004	1.07868446835786e+001,0.00000000000000e+000
1.19207207207207e+004	1.08471135714838e+001,0.00000000000000e+000
1.20208108108108e+004	1.09068775581754e+001,0.00000000000000e+000
1.21209009009009e+004	1.09661399732767e+001,0.00000000000000e+000
1.22209909909910e+004	1.10249041783980e+001,0.00000000000000e+000
1.23210810810811e+004	1.10831735650859e+001,0.00000000000000e+000
1.24211711711712e+004	1.11409515528211e+001,0.00000000000000e+000
1.25212612612613e+004	1.11982415870643e+001,0.00000000000000e+000
1.26213513513514e+004	1.12550471373495e+001,0.00000000000000e+000
1.27214414414415e+004	1.13113716954262e+001,0.00000000000000e+000
1.28215315315315e+004	1.13672187734481e+001,0.00000000000000e+000
1.29216216216216e+004	1.14225919022095e+001,0.00000000000000e+000
1.30217117117117e+004	1.14774946294278e+001,0.00000000000000e+000
1.31218018018018e+004	1.15319305180737e+001,0.00000000000000e+000
1.32218918918919e+004	1.15859031447456e+001,0.00000000000000e+000
1.33219819819820e+004	1.16394160980911e+001,0.00000000000000e+000
1.34220720720721e+004	1.16924729772720e+001,0.00000000000000e+000
1.35221621621622e+004	1.17450773904754e+001,0.00000000000000e+000
1.36222522522523e+004	1.17972329534669e+001,0.00000000000000e+000
1.37223423423424e+004	1.18489432881888e+001,0.00000000000000e+000
1.38224324324324e+004	1.19002120213999e+001,0.00000000000000e+000
1.39225225225225e+004	1.19510427833579e+001,0.00000000000000e+000
1.40226126126126e+004	1.20014392065436e+001,0.00000000000000e+000
1.41227027027027e+004	1.20514049244250e+001,0.00000000000000e+000
1.42227927927928e+004	1.21009435702631e+001,0.00000000000000e+000
1.43228828828829e+004	1.21500587759558e+001,0.00000000000000e+000
1.44229729729730e+004	1.21987541709216e+001,0.00000000000000e+000
1.45230630630631e+004	1.22470333810212e+001,0.00000000000000e+000
1.46231531531532e+004	1.22949000275165e+001,0.00000000000000e+000
1.47232432432433e+004	1.23423577260667e+001,0.00000000000000e+000
1.48233333333334e+004	1.23894100857600e+001,0.00000000000000e+000
1.49234234234234e+004	1.24360607081813e+001,0.00000000000000e+000
1.50235135135135e+004	1.24823131865140e+001,0.00000000000000e+000
1.51236036036036e+004	1.25281711046761e+001,0.00000000000000e+000
1.52236936936937e+004	1.25736380364897e+001,0.00000000000000e+000
1.53237837837838e+004	1.26187175448822e+001,0.00000000000000e+000
1.54238738738739e+004	1.26634131811202e+001,0.00000000000000e+000
1.55239639639640e+004	1.27077284840743e+001,0.00000000000000e+000
1.56240540540541e+004	1.27516669795138e+001,0.00000000000000e+000
1.57241441441442e+004	1.27952321794317e+001,0.00000000000000e+000
1.58242342342343e+004	1.28384275813982e+001,0.00000000000000e+000
1.59243243243243e+004	1.28812566679428e+001,0.00000000000000e+000
1.60244144144144e+004	1.29237229059637e+001,0.00000000000000e+000
1.61245045045045e+004	1.29658297461645e+001,0.00000000000000e+000
1.62245945945946e+004	1.30075806225165e+001,0.00000000000000e+000
1.63246846846847e+004	1.30489789517473e+001,0.00000000000000e+000
1.64247747747748e+004	1.30900281328535e+001,0.00000000000000e+000
1.65248648648649e+004	1.31307315466381e+001,0.00000000000000e+000
1.66249549549550e+004	1.31710925552717e+001,0.00000000000000e+000
1.67250450450451e+004	1.32111145018757e+001,0.00000000000000e+000
1.68251351351352e+004	1.32508007101288e+001,0.00000000000000e+000
1.69252252252252e+004	1.32901544838947e+001,0.00000000000000e+000
1.70253153153153e+004	1.33291791068706e+001,0.00000000000000e+000
1.71254054054054e+004	1.33678778422568e+001,0.00000000000000e+000
1.72254954954955e+004	1.34062539324456e+001,0.00000000000000e+000
1.73255855855856e+004	1.34443105987296e+001,0.00000000000000e+000
1.74256756756757e+004	1.34820510410290e+001,0.00000000000000e+000
1.75257657657658e+004	1.35194784376366e+001,0.00000000000000e+000
1.76258558558559e+004	1.35565959449805e+001,0.00000000000000e+000
1.77259459459460e+004	1.35934066974040e+001,0.00000000000000e+000
1.78260360360360e+004	1.36299138069619e+001,0.00000000000000e+000
1.79261261261261e+004	1.36661203632325e+001,0.00000000000000e+000
1.80262162162162e+004	1.37020294331458e+001,0.00000000000000e+000
1.81263063063063e+004	1.37376440608254e+001,0.00000000000000e+000
1.82263963963964e+004	1.37729672674464e+001,0.00000000000000e+000
1.83264864864865e+004	1.38080020511059e+001,0.00000000000000e+000
1.84265765765766e+004	1.38427513867079e+001,0.00000000000000e+000
1.85266666666667e+004	1.38772182258610e+001,0.00000000000000e+000
1.86267567567568e+004	1.39114054967883e+001,0.00000000000000e+000
1.87268468468468e+004	1.39453161042504e+001,0.00000000000000e+000
1.88269369369369e+004	1.39789529294788e+001,0.00000000000000e+000
1.89270270270270e+004	1.40123188301220e+001,0.00000000000000e+000
1.90271171171171e+004	1.40454166402016e+001,0.00000000000000e+000
1.91272072072072e+004	1.40782491700790e+001,0.00000000000000e+000
1.92272972972973e+004	1.41108192064325e+001,0.00000000000000e+000
1.93273873873874e+004	1.41431295122442e+001,0.00000000000000e+000
1.94274774774775e+004	1.41751828267957e+001,0.00000000000000e+000
1.95275675675676e+004	1.42069818656733e+001,0.00000000000000e+000
1.96276576576576e+004	1.42385293207817e+001,0.00000000000000e+000
1.97277477477477e+004	1.42698278603663e+001,0.00000000000000e+000
1.98278378378378e+004	1.43008801290426e+001,0.00000000000000e+000
1.99279279279279e+004	1.43316887478342e+001,0.00000000000000e+000
2.00280180180180e+004	1.43622563142180e+001,0.00000000000000e+000
2.01281081081081e+004	1.43925854021758e+001,0.00000000000000e+000
2.02281981981982e+004	1.44226785622530e+001,0.00000000000000e+000
2.03282882882883e+004	1.44525383216242e+001,0.00000000000000e+000
2.04283783783784e+004	1.44821671841644e+001,0.00000000000000e+000
2.05284684684684e+004	1.45115676305259e+001,0.00000000000000e+000
2.06285585585585e+004	1.45407421182215e+001,0.00000000000000e+000
2.07286486486486e+004	1.45696930817126e+001,0.00000000000000e+000
2.08287387387387e+004	1.45984229325026e+001,0.00000000000000e+000
2.09288288288288e+004	1.46269340592352e+001,0.00000000000000e+000
2.10289189189189e+004	1.46552288277968e+001,0.00000000000000e+000
2.11290090090090e+004	1.46833095814243e+001,0.00000000000000e+000
2.12290990990991e+004	1.47111786408163e+001,0.00000000000000e+000
2.13291891891892e+004	1.47388383042487e+001,0.00000000000000e+000
2.14292792792792e+004	1.47662908476935e+001,0.00000000000000e+000
2.15293693693693e+004	1.47935385249420e+001,0.00000000000000e+000
2.16294594594594e+004	1.48205835677307e+001,0.00000000000000e+000
2.17295495495495e+004	1.48474281858710e+001,0.00000000000000e+000
2.18296396396396e+004	1.48740745673808e+001,0.00000000000000e+000
2.19297297297297e+004	1.49005248786205e+001,0.00000000000000e+000
2.20298198198198e+004	1.49267812644302e+001,0.00000000000000e+000
2.21299099099099e+004	1.49528458482705e+001,0.00000000000000e+000
2.22299999999999e+004	1.49787207323647e+001,0.00000000000000e+000
2.23300900900900e+004	1.50044079978440e+001,0.00000000000000e+000
2.24301801801801e+004	1.50299097048942e+001,0.00000000000000e+000
2.25302702702702e+004	1.50552278929046e+001,0.00000000000000e+000
2.26303603603603e+004	1.50803645806184e+001,0.00000000000000e+000
2.27304504504504e+004	1.51053217662848e+001,0.00000000000000e+000
2.28305405405405e+004	1.51301014278127e+001,0.00000000000000e+000
2.29306306306306e+004	1.51547055229260e+001,0.00000000000000e+000
2.30307207207207e+004	1.51791359893191e+001,0.00000000000000e+000
2.31308108108107e+004	1.52033947448153e+001,0.00000000000000e+000
2.32309009009008e+004	1.52274836875242e+001,0.00000000000000e+000
2.33309909909909e+004	1.52514046960018e+001,0.00000000000000e+000
2.34310810810810e+004	1.52751596294102e+001,0.00000000000000e+000
2.35311711711711e+004	1.52987503276786e+001,0.00000000000000e+000
2.36312612612612e+004	1.53221786116647e+001,0.00000000000000e+000
2.37313513513513e+004	1.53454462833170e+001,0.00000000000000e+000
2.38314414414414e+004	1.53685551258367e+001,0.00000000000000e+000
2.39315315315315e+004	1.53915069038410e+001,0.00000000000000e+000
2.40316216216215e+004	1.54143033635261e+001,0.00000000000000e+000
2.41317117117116e+004	1.54369462328301e+001,0.00000000000000e+000
2.42318018018017e+004	1.54594372215968e+001,0.00000000000000e+000
2.43318918918918e+004	1.54817780217391e+001,0.00000000000000e+000
2.44319819819819e+004	1.55039703074022e+001,0.00000000000000e+000
2.45320720720720e+004	1.55260157351273e+001,0.00000000000000e+000
2.46321621621621e+004	1.55479159440144e+001,0.00000000000000e+000
2.47322522522522e+004	1.55696725558856e+001,0.00000000000000e+000
2.48323423423423e+004	1.55912871754478e+001,0.00000000000000e+000
2.49324324324323e+004	1.56127613904552e+001,0.00000000000000e+000
2.50325225225224e+004	1.56340967718711e+001,0.00000000000000e+000
2.51326126126125e+004	1.56552948740296e+001,0.00000000000000e+000
2.52327027027026e+004	1.56763572347970e+001,0.00000000000000e+000
2.53327927927927e+004	1.56972853757324e+001,0.00000000000000e+000
2.54328828828828e+004	1.57180808022474e+001,0.00000000000000e+000
2.55329729729729e+004	1.57387450037662e+001,0.00000000000000e+000
2.56330630630630e+004	1.57592794538840e+001,0.00000000000000e+000
2.57331531531531e+004	1.57796856105254e+001,0.00000000000000e+000
2.58332432432431e+004	1.57999649161019e+001,0.00000000000000e+000
2.59333333333332e+004	1.58201187976684e+001,0.00000000000000e+000
2.60334234234233e+004	1.58401486670796e+001,0.00000000000000e+000
2.61335135135134e+004	1.58600559211447e+001,0.00000000000000e+000
2.62336036036035e+004	1.58798419417818e+001,0.00000000000000e+000
2.63336936936936e+004	1.58995080961719e+001,0.00000000000000e+000
2.64337837837837e+004	1.59190557369106e+001,0.00000000000000e+000
2.65338738738738e+004	1.59384862021603e+001,0.00000000000000e+000
2.66339639639639e+004	1.59578008158011e+001,0.00000000000000e+000
2.67340540540539e+004	1.59770008875799e+001,0.00000000000000e+000
2.68341441441440e+004	1.59960877132600e+001,0.00000000000000e+000
2.69342342342341e+004	1.60150625747683e+001,0.00000000000000e+000
2.70343243243242e+004	1.60339267403422e+001,0.00000000000000e+000
2.71344144144143e+004	1.60526814646758e+001,0.00000000000000e+000
2.72345045045044e+004	1.60713279890640e+001,0.00000000000000e+000
2.73345945945945e+004	1.60898675415467e+001,0.00000000000000e+000
2.74346846846846e+004	1.61083013370512e+001,0.00000000000000e+000
2.75347747747747e+004	1.61266305775335e+001,0.00000000000000e+000
2.76348648648647e+004	1.61448564521192e+001,0.00000000000000e+000
2.77349549549548e+004	1.61629801372425e+001,0.00000000000000e+000
2.78350450450449e+004	1.61810027967845e+001,0.00000000000000e+000
2.79351351351350e+004	1.61989255822103e+001,0.00000000000000e+000
2.80352252252251e+004	1.62167496327050e+001,0.00000000000000e+000
2.81353153153152e+004	1.62344760753087e+001,0.00000000000000e+000
2.82354054054053e+004	1.62521060250499e+001,0.00000000000000e+000
2.83354954954954e+004	1.62696405850784e+001,0.00000000000000e+000
2.84355855855855e+004	1.62870808467964e+001,0.00000000000000e+000
2.85356756756755e+004	1.63044278899890e+001,0.00000000000000e+000
2.86357657657656e+004	1.63216827829533e+001,0.00000000000000e+000
2.87358558558557e+004	1.63388465826263e+001,0.00000000000000e+000
2.88359459459458e+004	1.63559203347118e+001,0.00000000000000e+000
2.89360360360359e+004	1.63729050738058e+001,0.00000000000000e+000
2.90361261261260e+004	1.63898018235213e+001,0.00000000000000e+000
2.91362162162161e+004	1.64066115966115e+001,0.00000000000000e+000
2.92363063063062e+004	1.64233353950920e+001,0.00000000000000e+000
2.93363963963963e+004	1.64399742103615e+001,0.00000000000000e+000
2.94364864864863e+004	1.64565290233224e+001,0.00000000000000e+000
2.95365765765764e+004	1.64730008044987e+001,0.00000000000000e+000
2.96366666666665e+004	1.64893905141540e+001,0.00000000000000e+000
2.97367567567566e+004	1.65056991024078e+001,0.00000000000000e+000
2.98368468468467e+004	1.65219275093507e+001,0.00000000000000e+000
2.99369369369368e+004	1.65380766651586e+001,0.00000000000000e+000
3.00370270270269e+004	1.65541474902057e+001,0.00000000000000e+000
3.01371171171170e+004	1.65701408951760e+001,0.00000000000000e+000
3.02372072072071e+004	1.65860577811745e+001,0.00000000000000e+000
3.03372972972971e+004	1.66018990398365e+001,0.00000000000000e+000
3.04373873873872e+004	1.66176655534360e+001,0.00000000000000e+000
3.05374774774773e+004	1.66333581949931e+001,0.00000000000000e+000
3.06375675675674e+004	1.66489778283804e+001,0.00000000000000e+000
3.07376576576575e+004	1.66645253084278e+001,0.00000000000000e+000
3.08377477477476e+004	1.66800014810268e+001,0.00000000000000e+000
3.09378378378377e+004	1.66954071832333e+001,0.00000000000000e+000
3.10379279279278e+004	1.67107432433695e+001,0.00000000000000e+000
3.11380180180179e+004	1.67260104811243e+001,0.00000000000000e+000
3.12381081081079e+004	1.67412097076538e+001,0.00000000000000e+000
3.13381981981980e+004	1.67563417256789e+001,0.00000000000000e+000
3.14382882882881e+004	1.67714073295838e+001,0.00000000000000e+000
3.15383783783782e+004	1.67864073055117e+001,0.00000000000000e+000
3.16384684684683e+004	1.68013424314610e+001,0.00000000000000e+000
3.17385585585584e+004	1.68162134773790e+001,0.00000000000000e+000
3.18386486486485e+004	1.68310212052557e+001,0.00000000000000e+000
3.19387387387386e+004	1.68457663692164e+001,0.00000000000000e+000
3.20388288288286e+004	1.68604497156124e+001,0.00000000000000e+000
3.21389189189187e+004	1.68750719831117e+001,0.00000000000000e+000
3.22390090090088e+004	1.68896339027886e+001,0.00000000000000e+000
3.23390990990989e+004	1.69041361982114e+001,0.00000000000000e+000
3.24391891891890e+004	1.69185795855306e+001,0.00000000000000e+000
3.25392792792791e+004	1.69329647735643e+001,0.00000000000000e+000
3.26393693693692e+004	1.69472924638845e+001,0.00000000000000e+000
3.27394594594593e+004	1.69615633509013e+001,0.00000000000000e+000
3.28395495495494e+004	1.69757781219460e+001,0.00000000000000e+000
3.29396396396394e+004	1.69899374573541e+001,0.00000000000000e+000
3.30397297297295e+004	1.70040420305471e+001,0.00000000000000e+000
3.31398198198196e+004	1.70180925081125e+001,0.00000000000000e+000
3.32399099099097e+004	1.70320895498845e+001,0.00000000000000e+000
3.33399999999998e+004	1.70460338090219e+001,0.00000000000000e+000
3.34400900900899e+004	1.70599259320871e+001,0.00000000000000e+000
3.35401801801800e+004	1.70737665591223e+001,0.00000000000000e+000
3.36402702702701e+004	1.70875563237264e+001,0.00000000000000e+000
3.37403603603602e+004	1.71012958531297e+001,0.00000000000000e+000
3.38404504504502e+004	1.71149857682689e+001,0.00000000000000e+000
3.39405405405403e+004	1.71286266838604e+001,0.00000000000000e+000
3.40406306306304e+004	1.71422192084733e+001,0.00000000000000e+000
3.41407207207205e+004	1.71557639446009e+001,0.00000000000000e+000
3.42408108108106e+004	1.71692614887323e+001,0.00000000000000e+000
3.43409009009007e+004	1.71827124314222e+001,0.00000000000000e+000
3.44409909909908e+004	1.71961173573607e+001,0.00000000000000e+000
3.45410810810809e+004	1.72094768454416e+001,0.00000000000000e+000
3.46411711711710e+004	1.72227914688305e+001,0.00000000000000e+000
3.47412612612610e+004	1.72360617950316e+001,0.00000000000000e+000
3.48413513513511e+004	1.72492883859544e+001,0.00000000000000e+000
3.49414414414412e+004	1.72624717979787e+001,0.00000000000000e+000
3.50415315315313e+004	1.72756125820194e+001,0.00000000000000e+000
3.51416216216214e+004	1.72887112835906e+001,0.00000000000000e+000
3.52417117117115e+004	1.73017684428688e+001,0.00000000000000e+000
3.53418018018016e+004	1.73147845947555e+001,0.00000000000000e+000
3.54418918918917e+004	1.73277602689384e+001,0.00000000000000e+000
3.55419819819818e+004	1.73406959899531e+001,0.00000000000000e+000
3.56420720720718e+004	1.73535922772427e+001,0.00000000000000e+000
3.57421621621619e+004	1.73664496452180e+001,0.00000000000000e+000
3.58422522522520e+004	1.73792686033160e+001,0.00000000000000e+000
3.59423423423421e+004	1.73920496560582e+001,0.00000000000000e+000
3.60424324324322e+004	1.74047933031080e+001,0.00000000000000e+000
3.61425225225223e+004	1.74175000393274e+001,0.00000000000000e+000
3.62426126126124e+004	1.74301703548338e+001,0.00000000000000e+000
3.63427027027025e+004	1.74428047350544e+001,0.00000000000000e+000
3.64427927927926e+004	1.74554036607820e+001,0.00000000000000e+000
3.65428828828826e+004	1.74679676082286e+001,0.00000000000000e+000
3.66429729729727e+004	1.74804970490791e+001,0.00000000000000e+000
3.67430630630628e+004	1.74929924505442e+001,0.00000000000000e+000
3.68431531531529e+004	1.75054542754127e+001,0.00000000000000e+000
3.69432432432430e+004	1.75178829821029e+001,0.00000000000000e+000
3.70433333333331e+004	1.75302790247140e+001,0.00000000000000e+000
3.71434234234232e+004	1.75426428530764e+001,0.00000000000000e+000
3.72435135135133e+004	1.75549749128012e+001,0.00000000000000e+000
3.73436036036034e+004	1.75672756453299e+001,0.00000000000000e+000
3.74436936936934e+004	1.75795454879828e+001,0.00000000000000e+000
3.75437837837835e+004	1.75917848740072e+001,0.00000000000000e+000
3.76438738738736e+004	1.76039942326246e+001,0.00000000000000e+000
3.77439639639637e+004	1.76161739890780e+001,0.00000000000000e+000
3.78440540540538e+004	1.76283245646783e+001,0.00000000000000e+000
3.79441441441439e+004	1.76404463768495e+001,0.00000000000000e+000
3.80442342342340e+004	1.76525398391750e+001,0.00000000000000e+000
3.81443243243241e+004	1.76646053614412e+001,0.00000000000000e+000
3.82444144144142e+004	1.76766433496828e+001,0.00000000000000e+000
3.83445045045042e+004	1.76886542062256e+001,0.00000000000000e+000
3.84445945945943e+004	1.77006383297303e+001,0.00000000000000e+000
3.85446846846844e+004	1.77125961152346e+001,0.00000000000000e+000
3.86447747747745e+004	1.77245279541960e+001,0.00000000000000e+000
3.87448648648646e+004	1.77364342345327e+001,0.00000000000000e+000
3.88449549549547e+004	1.77483153406654e+001,0.00000000000000e+000
3.89450450450448e+004	1.77601716535576e+001,0.00000000000000e+000
3.90451351351349e+004	1.77720035507558e+001,0.00000000000000e+000
3.91452252252250e+004	1.77838114064294e+001,0.00000000000000e+000
3.92453153153150e+004	1.77955955914097e+001,0.00000000000000e+000
3.93454054054051e+004	1.78073564732289e+001,0.00000000000000e+000
3.94454954954952e+004	1.78190944161580e+001,0.00000000000000e+000
3.95455855855853e+004	1.78308097812451e+001,0.00000000000000e+000
3.96456756756754e+004	1.78425029263527e+001,0.00000000000000e+000
3.97457657657655e+004	1.78541742061944e+001,0.00000000000000e+000
3.98458558558556e+004	1.78658239723718e+001,0.00000000000000e+000
3.99459459459457e+004	1.78774525734102e+001,0.00000000000000e+000
4.00460360360358e+004	1.78890603547945e+001,0.00000000000000e+000
4.01461261261258e+004	1.79006476590044e+001,0.00000000000000e+000
4.02462162162159e+004	1.79122148255493e+001,0.00000000000000e+000
4.03463063063060e+004	1.79237621910026e+001,0.00000000000000e+000
4.04463963963961e+004	1.79352900890356e+001,0.00000000000000e+000
4.05464864864862e+004	1.79467988504513e+001,0.00000000000000e+000
4.06465765765763e+004	1.79582888032177e+001,0.00000000000000e+000
4.07466666666664e+004	1.79697602725002e+001,0.00000000000000e+000
4.08467567567565e+004	1.79812135806946e+001,0.00000000000000e+000
4.09468468468466e+004	1.79926490474585e+001,0.00000000000000e+000
4.10469369369366e+004	1.80040669897436e+001,0.00000000000000e+000
4.11470270270267e+004	1.80154677218265e+001,0.00000000000000e+000
4.12471171171168e+004	1.80268515553399e+001,0.00000000000000e+000
4.13472072072069e+004	1.80382187993033e+001,0.00000000000000e+000
4.14472972972970e+004	1.80495697601526e+001,0.00000000000000e+000
4.15473873873871e+004	1.80609047417709e+001,0.00000000000000e+000
4.16474774774772e+004	1.80722240455170e+001,0.00000000000000e+000
4.17475675675673e+004	1.80835279702552e+001,0.00000000000000e+000
4.18476576576574e+004	1.80948168123841e+001,0.00000000000000e+000
4.19477477477474e+004	1.81060908658648e+001,0.00000000000000e+000
4.20478378378375e+004	1.81173504222492e+001,0.00000000000000e+000
4.21479279279276e+004	1.81285957707077e+001,0.00000000000000e+000
4.22480180180177e+004	1.81398271980570e+001,0.00000000000000e+000
4.23481081081078e+004	1.81510449887869e+001,0.00000000000000e+000
4.24481981981979e+004	1.81622494250875e+001,0.00000000000000e+000
4.25482882882880e+004	1.81734407868754e+001,0.00000000000000e+000
4.26483783783781e+004	1.81846193518203e+001,0.00000000000000e+000
4.27484684684681e+004	1.81957853953705e+001,0.00000000000000e+000
4.28485585585582e+004	1.82069391907791e+001,0.00000000000000e+000
4.29486486486483e+004	1.82180810091288e+001,0.00000000000000e+000
4.30487387387384e+004	1.82292111193573e+001,0.00000000000000e+000
4.31488288288285e+004	1.82403297882818e+001,0.00000000000000e+000
4.32489189189186e+004	1.82514372806236e+001,0.00000000000000e+000
4.33490090090087e+004	1.82625338590324e+001,0.00000000000000e+000
4.34490990990988e+004	1.82736197841100e+001,0.00000000000000e+000
4.35491891891889e+004	1.82846953144339e+001,0.00000000000000e+000
4.36492792792789e+004	1.82957607065810e+001,0.00000000000000e+000
4.37493693693690e+004	1.83068162151502e+001,0.00000000000000e+000
4.38494594594591e+004	1.83178620927858e+001,0.00000000000000e+000
4.39495495495492e+004	1.83288985901995e+001,0.00000000000000e+000
4.40496396396393e+004	1.83399259561929e+001,0.00000000000000e+000
4.41497297297294e+004	1.83509444376800e+001,0.00000000000000e+000
4.42498198198195e+004	1.83619542797081e+001,0.00000000000000e+000
4.43499099099096e+004	1.83729557254803e+001,0.00000000000000e+000
4.44499999999997e+004	1.83839490163761e+001,0.00000000000000e+000
4.45500900900897e+004	1.83949343919728e+001,0.00000000000000e+000
4.46501801801798e+004	1.84059120900662e+001,0.00000000000000e+000
4.47502702702699e+004	1.84168823466914e+001,0.00000000000000e+000
4.48503603603600e+004	1.84278453961429e+001,0.00000000000000e+000
4.49504504504501e+004	1.84388014709947e+001,0.00000000000000e+000
4.50505405405402e+004	1.84497508021203e+001,0.00000000000000e+000
4.51506306306303e+004	1.84606936187127e+001,0.00000000000000e+000
4.52507207207204e+004	1.84716301483032e+001,0.00000000000000e+000
4.53508108108105e+004	1.84825606167811e+001,0.00000000000000e+000
4.54509009009005e+004	1.84934852484124e+001,0.00000000000000e+000
4.55509909909906e+004	1.85044042658591e+001,0.00000000000000e+000
4.56510810810807e+004	1.85153178901970e+001,0.00000000000000e+000
4.57511711711708e+004	1.85262263409351e+001,0.00000000000000e+000
4.58512612612609e+004	1.85371298360326e+001,0.00000000000000e+000
4.59513513513510e+004	1.85480285919179e+001,0.00000000000000e+000
4.60514414414411e+004	1.85589228235060e+001,0.00000000000000e+000
4.61515315315312e+004	1.85698127442156e+001,0.00000000000000e+000
4.62516216216213e+004	1.85806985659874e+001,0.00000000000000e+000
4.63517117117113e+004	1.85915804993004e+001,0.00000000000000e+000
4.64518018018014e+004	1.86024587531896e+001,0.00000000000000e+000
4.65518918918915e+004	1.86133335352623e+001,0.00000000000000e+000
4.66519819819816e+004	1.86242050517149e+001,0.00000000000000e+000
4.67520720720717e+004	1.86350735073494e+001,0.00000000000000e+000
4.68521621621618e+004	1.86459391055897e+001,0.00000000000000e+000
4.69522522522519e+004	1.86568020484975e+001,0.00000000000000e+000
4.70523423423420e+004	1.86676625367882e+001,0.00000000000000e+000
4.71524324324321e+004	1.86785207698469e+001,0.00000000000000e+000
4.72525225225221e+004	1.86893769457435e+001,0.00000000000000e+000
4.73526126126122e+004	1.87002312612487e+001,0.00000000000000e+000
4.74527027027023e+004	1.87110839118485e+001,0.00000000000000e+000
4.75527927927924e+004	1.87219350917598e+001,0.00000000000000e+000
4.76528828828825e+004	1.87327849939451e+001,0.00000000000000e+000
4.77529729729726e+004	1.87436338101273e+001,0.00000000000000e+000
4.78530630630627e+004	1.87544817308040e+001,0.00000000000000e+000
4.79531531531528e+004	1.87653289452623e+001,0.00000000000000e+000
4.80532432432429e+004	1.87761756415926e+001,0.00000000000000e+000
4.81533333333329e+004	1.87870220067032e+001,0.00000000000000e+000
4.82534234234230e+004	1.87978682263339e+001,0.00000000000000e+000
4.83535135135131e+004	1.88087144850699e+001,0.00000000000000e+000
4.84536036036032e+004	1.88195609663554e+001,0.00000000000000e+000
4.85536936936933e+004	1.88304078525073e+001,0.00000000000000e+000
4.86537837837834e+004	1.88412553247282e+001,0.00000000000000e+000
4.87538738738735e+004	1.88521035631199e+001,0.00000000000000e+000
4.88539639639636e+004	1.88629527466966e+001,0.00000000000000e+000
4.89540540540537e+004	1.88738030533973e+001,0.00000000000000e+000
4.90541441441437e+004	1.88846546600992e+001,0.00000000000000e+000
4.91542342342338e+004	1.88955077426300e+001,0.00000000000000e+000
4.92543243243239e+004	1.89063624757806e+001,0.00000000000000e+000
4.93544144144140e+004	1.89172190333173e+001,0.00000000000000e+000
4.94545045045041e+004	1.89280775879944e+001,0.00000000000000e+000
4.95545945945942e+004	1.89389383115660e+001,0.00000000000000e+000
4.96546846846843e+004	1.89498013747983e+001,0.00000000000000e+000
4.97547747747744e+004	1.89606669474811e+001,0.00000000000000e+000
4.98548648648645e+004	1.89715351984401e+001,0.00000000000000e+000
4.99549549549545e+004	1.89824062955480e+001,0.00000000000000e+000
5.00550450450446e+004	1.89932804057365e+001,0.00000000000000e+000
5.01551351351347e+004	1.90041576950074e+001,0.00000000000000e+000
5.02552252252248e+004	1.90150383284440e+001,0.00000000000000e+000
5.03553153153149e+004	1.90259224702219e+001,0.00000000000000e+000
5.04554054054050e+004	1.90368102836210e+001,0.00000000000000e+000
5.05554954954951e+004	1.90477019310353e+001,0.00000000000000e+000
5.06555855855852e+004	1.90585975739844e+001,0.00000000000000e+000
5.07556756756753e+004	1.90694973731241e+001,0.00000000000000e+000
5.08557657657653e+004	1.90804014882571e+001,0.00000000000000e+000
5.09558558558554e+004	1.90913100783432e+001,0.00000000000000e+000
5.10559459459455e+004	1.91022233015098e+001,0.00000000000000e+000
5.11560360360356e+004	1.91131413150625e+001,0.00000000000000e+000
5.12561261261257e+004	1.91240642754949e+001,0.00000000000000e+000
5.13562162162158e+004	1.91349923384988e+001,0.00000000000000e+000
5.14563063063059e+004	1.91459256589742e+001,0.00000000000000e+000
5.15563963963960e+004	1.91568643910393e+001,0.00000000000000e+000
5.16564864864861e+004	1.91678086880401e+001,0.00000000000000e+000
5.17565765765761e+004	1.91787587025601e+001,0.00000000000000e+000
5.18566666666662e+004	1.91897145864300e+001,0.00000000000000e+000
5.19567567567563e+004	1.92006764907372e+001,0.00000000000000e+000
5.20568468468464e+004	1.92116445658349e+001,0.00000000000000e+000
5.21569369369365e+004	1.92226189613518e+001,0.00000000000000e+000
5.22570270270266e+004	1.92335998262014e+001,0.00000000000000e+000
5.23571171171167e+004	1.92445873085904e+001,0.00000000000000e+000
5.24572072072068e+004	1.92555815560285e+001,0.00000000000000e+000
5.25572972972968e+004	1.92665827153370e+001,0.00000000000000e+000
5.26573873873869e+004	1.92775909326578e+001,0.00000000000000e+000
5.27574774774770e+004	1.92886063534621e+001,0.00000000000000e+000
5.28575675675671e+004	1.92996291225589e+001,0.00000000000000e+000
5.29576576576572e+004	1.93106593841041e+001,0.00000000000000e+000
5.30577477477473e+004	1.93216972816084e+001,0.00000000000000e+000
5.31578378378374e+004	1.93327429579463e+001,0.00000000000000e+000
5.32579279279275e+004	1.93437965553641e+001,0.00000000000000e+000
5.33580180180176e+004	1.93548582154885e+001,0.00000000000000e+000
5.34581081081076e+004	1.93659280793343e+001,0.00000000000000e+000
5.35581981981977e+004	1.93770062873130e+001,0.00000000000000e+000
5.36582882882878e+004	1.93880929792408e+001,0.00000000000000e+000
5.37583783783779e+004	1.93991882943463e+001,0.00000000000000e+000
5.38584684684680e+004	1.94102923712786e+001,0.00000000000000e+000
5.39585585585581e+004	1.94214053481151e+001,0.00000000000000e+000
5.40586486486482e+004	1.94325273623691e+001,0.00000000000000e+000
5.41587387387383e+004	1.94436585509979e+001,0.00000000000000e+000
5.42588288288284e+004	1.94547990504099e+001,0.00000000000000e+000
5.43589189189184e+004	1.94659489964724e+001,0.00000000000000e+000
5.44590090090085e+004	1.94771085245190e+001,0.00000000000000e+000
5.45590990990986e+004	1.94882777693571e+001,0.00000000000000e+000
5.46591891891887e+004	1.94994568652751e+001,0.00000000000000e+000
5.47592792792788e+004	1.95106459460499e+001,0.00000000000000e+000
5.48593693693689e+004	1.95218451449537e+001,0.00000000000000e+000
5.49594594594590e+004	1.95330545947615e+001,0.00000000000000e+000
5.50595495495491e+004	1.95442744277580e+001,0.00000000000000e+000
5.51596396396392e+004	1.95555047757446e+001,0.00000000000000e+000
5.52597297297292e+004	1.95667457700466e+001,0.00000000000000e+000
5.53598198198193e+004	1.95779975415196e+001,0.00000000000000e+000
5.54599099099094e+004	1.95892602205568e+001,0.00000000000000e+000
5.55599999999995e+004	1.96005339370955e+001,0.00000000000000e+000
5.56600900900896e+004	1.96118188206239e+001,0.00000000000000e+000
5.57601801801797e+004	1.96231150001876e+001,0.00000000000000e+000
5.58602702702698e+004	1.96344226043964e+001,0.00000000000000e+000
5.59603603603599e+004	1.96457417614308e+001,0.00000000000000e+000
5.60604504504500e+004	1.96570725990483e+001,0.00000000000000e+000
5.61605405405400e+004	1.96684152445899e+001,0.00000000000000e+000
5.62606306306301e+004	1.96797698249864e+001,0.00000000000000e+000
5.63607207207202e+004	1.96911364667652e+001,0.00000000000000e+000
5.64608108108103e+004	1.97025152960556e+001,0.00000000000000e+000
5.65609009009004e+004	1.97139064385959e+001,0.00000000000000e+000
5.66609909909905e+004	1.97253100197391e+001,0.00000000000000e+000
5.67610810810806e+004	1.97367261644592e+001,0.00000000000000e+000
5.68611711711707e+004	1.97481549973568e+001,0.00000000000000e+000
5.69612612612608e+004	1.97595966426659e+001,0.00000000000000e+000
5.70613513513508e+004	1.97710512242590e+001,0.00000000000000e+000
5.71614414414409e+004	1.97825188656536e+001,0.00000000000000e+000
5.72615315315310e+004	1.97939996900178e+001,0.00000000000000e+000
5.73616216216211e+004	1.98054938201760e+001,0.00000000000000e+000
5.74617117117112e+004	1.98170013786150e+001,0.00000000000000e+000
5.75618018018013e+004	1.98285224874893e+001,0.00000000000000e+000
5.76618918918914e+004	1.98400572686270e+001,0.00000000000000e+000
5.77619819819815e+004	1.98516058435355e+001,0.00000000000000e+000
5.78620720720716e+004	1.98631683334068e+001,0.00000000000000e+000
5.79621621621616e+004	1.98747448591233e+001,0.00000000000000e+000
5.80622522522517e+004	1.98863355412629e+001,0.00000000000000e+000
5.81623423423418e+004	1.98979405001049e+001,0.00000000000000e+000
5.82624324324319e+004	1.99095598556354e+001,0.00000000000000e+000
5.83625225225220e+004	1.99211937275519e+001,0.00000000000000e+000
5.84626126126121e+004	1.99328422352697e+001,0.00000000000000e+000
5.85627027027022e+004	1.99445054979264e+001,0.00000000000000e+000
5.86627927927923e+004	1.99561836343873e+001,0.00000000000000e+000
5.87628828828824e+004	1.99678767632509e+001,0.00000000000000e+000
5.88629729729724e+004	1.99795850028536e+001,0.00000000000000e+000
5.89630630630625e+004	1.99913084712753e+001,0.00000000000000e+000
5.90631531531526e+004	2.00030472863438e+001,0.00000000000000e+000
5.91632432432427e+004	2.00148015656408e+001,0.00000000000000e+000
5.92633333333328e+004	2.00265714265059e+001,0.00000000000000e+000
5.93634234234229e+004	2.00383569860423e+001,0.00000000000000e+000
5.94635135135130e+004	2.00501583611214e+001,0.00000000000000e+000
5.95636036036031e+004	2.00619756683877e+001,0.00000000000000e+000
5.96636936936932e+004	2.00738090242638e+001,0.00000000000000e+000
5.97637837837832e+004	2.00856585449551e+001,0.00000000000000e+000
5.98638738738733e+004	2.00975243464547e+001,0.00000000000000e+000
5.99639639639634e+004	2.01094065445479e+001,0.00000000000000e+000
6.00640540540535e+004	2.01213052548173e+001,0.00000000000000e+000
6.01641441441436e+004	2.01332205926474e+001,0.00000000000000e+000
6.02642342342337e+004	2.01451526732288e+001,0.00000000000000e+000
6.03643243243238e+004	2.01571016115635e+001,0.00000000000000e+000
6.04644144144139e+004	2.01690675224692e+001,0.00000000000000e+000
6.05645045045040e+004	2.01810505205835e+001,0.00000000000000e+000
6.06645945945940e+004	2.01930507203693e+001,0.00000000000000e+000
6.07646846846841e+004	2.02050682361183e+001,0.00000000000000e+000
6.08647747747742e+004	2.02171031819563e+001,0.00000000000000e+000
6.09648648648643e+004	2.02291556718471e+001,0.00000000000000e+000
6.10649549549544e+004	2.02412258195972e+001,0.00000000000000e+000
6.11650450450445e+004	2.02533137388600e+001,0.00000000000000e+000
6.12651351351346e+004	2.02654195431405e+001,0.00000000000000e+000
6.13652252252247e+004	2.02775433457992e+001,0.00000000000000e+000
6.14653153153148e+004	2.02896852600565e+001,0.00000000000000e+000
6.15654054054048e+004	2.03018453989973e+001,0.00000000000000e+000
6.16654954954949e+004	2.03140238755749e+001,0.00000000000000e+000
6.17655855855850e+004	2.03262208026153e+001,0.00000000000000e+000
6.18656756756751e+004	2.03384362928214e+001,0.00000000000000e+000
6.19657657657652e+004	2.03506704587775e+001,0.00000000000000e+000
6.20658558558553e+004	2.03629234129527e+001,0.00000000000000e+000
6.21659459459454e+004	2.03751952677058e+001,0.00000000000000e+000
6.22660360360355e+004	2.03874861352890e+001,0.00000000000000e+000
6.23661261261255e+004	2.03997961278519e+001,0.00000000000000e+000
6.24662162162156e+004	2.04121253574459e+001,0.00000000000000e+000
6.25663063063057e+004	2.04244739360279e+001,0.00000000000000e+000
6.26663963963958e+004	2.04368419754644e+001,0.00000000000000e+000
6.27664864864859e+004	2.04492295875355e+001,0.00000000000000e+000
6.28665765765760e+004	2.04616368839390e+001,0.00000000000000e+000
6.29666666666661e+004	2.04740639762939e+001,0.00000000000000e+000
6.30667567567562e+004	2.04865109761450e+001,0.00000000000000e+000
6.31668468468463e+004	2.04989779949660e+001,0.00000000000000e+000
6.32669369369363e+004	2.05114651441640e+001,0.00000000000000e+000
6.33670270270264e+004	2.05239725350832e+001,0.00000000000000e+000
6.34671171171165e+004	2.05365002790083e+001,0.00000000000000e+000
6.35672072072066e+004	2.05490484871690e+001,0.00000000000000e+000
6.36672972972967e+004	2.05616172707434e+001,0.00000000000000e+000
6.37673873873868e+004	2.05742067408616e+001,0.00000000000000e+000
6.38674774774769e+004	2.05868170086101e+001,0.00000000000000e+000
6.39675675675670e+004	2.05994481850346e+001,0.00000000000000e+000
6.40676576576571e+004	2.06121003811446e+001,0.00000000000000e+000
6.41677477477471e+004	2.06247737079166e+001,0.00000000000000e+000
6.42678378378372e+004	2.06374682762979e+001,0.00000000000000e+000
6.43679279279273e+004	2.06501841972103e+001,0.00000000000000e+000
6.44680180180174e+004	2.06629215815537e+001,0.00000000000000e+000
6.45681081081075e+004	2.06756805402097e+001,0.00000000000000e+000
6.46681981981976e+004	2.06884611840453e+001,0.00000000000000e+000
6.47682882882877e+004	2.07012636239165e+001,0.00000000000000e+000
6.48683783783778e+004	2.07140879706716e+001,0.00000000000000e+000
6.49684684684679e+004	2.07269343351552e+001,0.00000000000000e+000
6.50685585585579e+004	2.07398028282114e+001,0.00000000000000e+000
6.51686486486480e+004	2.07526935606877e+001,0.00000000000000e+000
6.52687387387381e+004	2.07656066434380e+001,0.00000000000000e+000
6.53688288288282e+004	2.07785421873264e+001,0.00000000000000e+000
6.54689189189183e+004	2.07915003032310e+001,0.00000000000000e+000
6.55690090090084e+004	2.08044811020466e+001,0.00000000000000e+000
6.56690990990985e+004	2.08174846946889e+001,0.00000000000000e+000
6.57691891891886e+004	2.08305111920976e+001,0.00000000000000e+000
6.58692792792787e+004	2.08435607052397e+001,0.00000000000000e+000
6.59693693693688e+004	2.08566333451134e+001,0.00000000000000e+000
6.60694594594588e+004	2.08697292227509e+001,0.00000000000000e+000
6.61695495495489e+004	2.08828484492223e+001,0.00000000000000e+000
6.62696396396390e+004	2.08959911356388e+001,0.00000000000000e+000
6.63697297297291e+004	2.09091573931559e+001,0.00000000000000e+000
6.64698198198192e+004	2.09223473329770e+001,0.00000000000000e+000
6.65699099099093e+004	2.09355610663566e+001,0.00000000000000e+000
6.66699999999994e+004	2.09487987046038e+001,0.00000000000000e+000
6.67700900900895e+004	2.09620603590854e+001,0.00000000000000e+000
6.68701801801796e+004	2.09753461412292e+001,0.00000000000000e+000
6.69702702702696e+004	2.09886561625277e+001,0.00000000000000e+000
6.70703603603597e+004	2.10019905345410e+001,0.00000000000000e+000
6.71704504504498e+004	2.10153493689000e+001,0.00000000000000e+000
6.72705405405399e+004	2.10287327773102e+001,0.00000000000000e+000
6.73706306306300e+004	2.10421408715543e+001,0.00000000000000e+000
6.74707207207201e+004	2.10555737634961e+001,0.00000000000000e+000
6.75708108108102e+004	2.10690315650830e+001,0.00000000000000e+000
6.76709009009003e+004	2.10825143883500e+001,0.00000000000000e+000
6.77709909909904e+004	2.10960223454224e+001,0.00000000000000e+000
6.78710810810804e+004	2.11095555485193e+001,0.00000000000000e+000
6.79711711711705e+004	2.11231141099565e+001,0.00000000000000e+000
6.80712612612606e+004	2.11366981421500e+001,0.00000000000000e+000
6.81713513513507e+004	2.11503077576191e+001,0.00000000000000e+000
6.82714414414408e+004	2.11639430689895e+001,0.00000000000000e+000
6.83715315315309e+004	2.11776041889967e+001,0.00000000000000e+000
6.84716216216210e+004	2.11912912304886e+001,0.00000000000000e+000
6.85717117117111e+004	2.12050043064295e+001,0.00000000000000e+000
6.86718018018012e+004	2.12187435299026e+001,0.00000000000000e+000
6.87718918918912e+004	2.12325090141134e+001,0.00000000000000e+000
6.88719819819813e+004	2.12463008723927e+001,0.00000000000000e+000
6.89720720720714e+004	2.12601192182000e+001,0.00000000000000e+000
6.90721621621615e+004	2.12739641651263e+001,0.00000000000000e+000
6.91722522522516e+004	2.12878358268975e+001,0.00000000000000e+000
6.92723423423417e+004	2.13017343173773e+001,0.00000000000000e+000
6.93724324324318e+004	2.13156597505705e+001,0.00000000000000e+000
6.94725225225219e+004	2.13296122406259e+001,0.00000000000000e+000
6.95726126126119e+004	2.13435919018395e+001,0.00000000000000e+000
6.96727027027020e+004	2.13575988486578e+001,0.00000000000000e+000
6.97727927927921e+004	2.13716331956804e+001,0.00000000000000e+000
6.98728828828822e+004	2.13856950576636e+001,0.00000000000000e+000
6.99729729729723e+004	2.13997845495231e+001,0.00000000000000e+000
7.00730630630624e+004	2.14139017863374e+001,0.00000000000000e+000
7.01731531531525e+004	2.14280468833505e+001,0.00000000000000e+000
7.02732432432426e+004	2.14422199559754e+001,0.00000000000000e+000
7.03733333333327e+004	2.14564211197967e+001,0.00000000000000e+000
7.04734234234227e+004	2.14706504905740e+001,0.00000000000000e+000
7.05735135135128e+004	2.14849081842449e+001,0.00000000000000e+000
7.06736036036029e+004	2.14991943169280e+001,0.00000000000000e+000
7.07736936936930e+004	2.15135090049259e+001,0.00000000000000e+000
7.08737837837831e+004	2.15278523647284e+001,0.00000000000000e+000
7.09738738738732e+004	2.15422245130152e+001,0.00000000000000e+000
7.10739639639633e+004	2.15566255666597e+001,0.00000000000000e+000
7.11740540540534e+004	2.15710556427310e+001,0.00000000000000e+000
7.12741441441435e+004	2.15855148584978e+001,0.00000000000000e+000
7.13742342342335e+004	2.16000033314311e+001,0.00000000000000e+000
7.14743243243236e+004	2.16145211792072e+001,0.00000000000000e+000
7.15744144144137e+004	2.16290685197107e+001,0.00000000000000e+000
7.16745045045038e+004	2.16436454710379e+001,0.00000000000000e+000
7.17745945945939e+004	2.16582521514992e+001,0.00000000000000e+000
7.18746846846840e+004	2.16728886796228e+001,0.00000000000000e+000
7.19747747747741e+004	2.16875551741573e+001,0.00000000000000e+000
7.20748648648642e+004	2.17022517540749e+001,0.00000000000000e+000
7.21749549549543e+004	2.17169785385743e+001,0.00000000000000e+000
7.22750450450443e+004	2.17317356470838e+001,0.00000000000000e+000
7.23751351351344e+004	2.17465231992645e+001,0.00000000000000e+000
7.24752252252245e+004	2.17613413150131e+001,0.00000000000000e+000
7.25753153153146e+004	2.17761901144649e+001,0.00000000000000e+000
7.26754054054047e+004	2.17910697179970e+001,0.00000000000000e+000
7.27754954954948e+004	2.18059802462315e+001,0.00000000000000e+000
7.28755855855849e+004	2.18209218200378e+001,0.00000000000000e+000
7.29756756756750e+004	2.18358945605366e+001,0.00000000000000e+000
7.30757657657651e+004	2.18508985891022e+001,0.00000000000000e+000
7.31758558558551e+004	2.18659340273660e+001,0.00000000000000e+000
7.32759459459452e+004	2.18810009972191e+001,0.00000000000000e+000
7.33760360360353e+004	2.18960996208157e+001,0.00000000000000e+000
7.34761261261254e+004	2.19112300205761e+001,0.00000000000000e+000
7.35762162162155e+004	2.19263923191895e+001,0.00000000000000e+000
7.36763063063056e+004	2.19415866396172e+001,0.00000000000000e+000
7.37763963963957e+004	2.19568131050960e+001,0.00000000000000e+000
7.38764864864858e+004	2.19720718391403e+001,0.00000000000000e+000
7.39765765765759e+004	2.19873629655462e+001,0.00000000000000e+000
7.40766666666659e+004	2.20026866083940e+001,0.00000000000000e+000
7.41767567567560e+004	2.20180428920513e+001,0.00000000000000e+000
7.42768468468461e+004	2.20334319411761e+001,0.00000000000000e+000
7.43769369369362e+004	2.20488538807200e+001,0.00000000000000e+000
7.44770270270263e+004	2.20643088359311e+001,0.00000000000000e+000
7.45771171171164e+004	2.20797969323570e+001,0.00000000000000e+000
7.46772072072065e+004	2.20953182958482e+001,0.00000000000000e+000
7.47772972972966e+004	2.21108730525608e+001,0.00000000000000e+000
7.48773873873867e+004	2.21264613289599e+001,0.00000000000000e+000
7.49774774774767e+004	2.21420832518223e+001,0.00000000000000e+000
7.50775675675668e+004	2.21577389482402e+001,0.00000000000000e+000
7.51776576576569e+004	2.21734285456236e+001,0.00000000000000e+000
7.52777477477470e+004	2.21891521717038e+001,0.00000000000000e+000
7.53778378378371e+004	2.22049099545365e+001,0.00000000000000e+000
7.54779279279272e+004	2.22207020225049e+001,0.00000000000000e+000
7.55780180180173e+004	2.22365285043225e+001,0.00000000000000e+000
7.56781081081074e+004	2.22523895290368e+001,0.00000000000000e+000
7.57781981981975e+004	2.22682852260318e+001,0.00000000000000e+000
7.58782882882875e+004	2.22842157250316e+001,0.00000000000000e+000
7.59783783783776e+004	2.23001811561034e+001,0.00000000000000e+000
7.60784684684677e+004	2.23161816496605e+001,0.00000000000000e+000
7.61785585585578e+004	2.23322173364655e+001,0.00000000000000e+000
7.62786486486479e+004	2.23482883476336e+001,0.00000000000000e+000
7.63787387387380e+004	2.23643948146358e+001,0.00000000000000e+000
7.64788288288281e+004	2.23805368693018e+001,0.00000000000000e+000
7.65789189189182e+004	2.23967146438232e+001,0.00000000000000e+000
7.66790090090083e+004	2.24129282707570e+001,0.00000000000000e+000
7.67790990990983e+004	2.24291778830285e+001,0.00000000000000e+000
7.68791891891884e+004	2.24454636139347e+001,0.00000000000000e+000
7.69792792792785e+004	2.24617855971471e+001,0.00000000000000e+000
7.70793693693686e+004	2.24781439667154e+001,0.00000000000000e+000
7.71794594594587e+004	2.24945388570705e+001,0.00000000000000e+000
7.72795495495488e+004	2.25109704030278e+001,0.00000000000000e+000
7.73796396396389e+004	2.25274387397902e+001,0.00000000000000e+000
7.74797297297290e+004	2.25439440029516e+001,0.00000000000000e+000
7.75798198198191e+004	2.25604863285001e+001,0.00000000000000e+000
7.76799099099091e+004	2.25770658528212e+001,0.00000000000000e+000
7.77799999999992e+004	2.25936827127010e+001,0.00000000000000e+000
7.78800900900893e+004	2.26103370453297e+001,0.00000000000000e+000
7.79801801801794e+004	2.26270289883047e+001,0.00000000000000e+000
7.80802702702695e+004	2.26437586796339e+001,0.00000000000000e+000
7.81803603603596e+004	2.26605262577392e+001,0.00000000000000e+000
7.82804504504497e+004	2.26773318614594e+001,0.00000000000000e+000
7.83805405405398e+004	2.26941756300539e+001,0.00000000000000e+000
7.84806306306299e+004	2.27110577032061e+001,0.00000000000000e+000
7.85807207207199e+004	2.27279782210263e+001,0.00000000000000e+000
7.86808108108100e+004	2.27449373240555e+001,0.00000000000000e+000
7.87809009009001e+004	2.27619351532684e+001,0.00000000000000e+000
7.88809909909902e+004	2.27789718500770e+001,0.00000000000000e+000
7.89810810810803e+004	2.27960475563341e+001,0.00000000000000e+000
7.90811711711704e+004	2.28131624143361e+001,0.00000000000000e+000
7.91812612612605e+004	2.28303165668274e+001,0.00000000000000e+000
7.92813513513506e+004	2.28475101570027e+001,0.00000000000000e+000
7.93814414414406e+004	2.28647433285112e+001,0.00000000000000e+000
7.94815315315307e+004	2.28820162254599e+001,0.00000000000000e+000
7.95816216216208e+004	2.28993289924168e+001,0.00000000000000e+000
7.96817117117109e+004	2.29166817744147e+001,0.00000000000000e+000
7.97818018018010e+004	2.29340747169541e+001,0.00000000000000e+000
7.98818918918911e+004	2.29515079660074e+001,0.00000000000000e+000
7.99819819819812e+004	2.29689816680220e+001,0.00000000000000e+000
8.00820720720713e+004	2.29864959699239e+001,0.00000000000000e+000
8.01821621621614e+004	2.30040510191211e+001,0.00000000000000e+000
8.02822522522514e+004	2.30216469635073e+001,0.00000000000000e+000
8.03823423423415e+004	2.30392839514654e+001,0.00000000000000e+000
8.04824324324316e+004	2.30569621318708e+001,0.00000000000000e+000
8.05825225225217e+004	2.30746816540957e+001,0.00000000000000e+000
8.06826126126118e+004	2.30924426680117e+001,0.00000000000000e+000
8.07827027027019e+004	2.31102453239941e+001,0.00000000000000e+000
8.08827927927920e+004	2.31280897729254e+001,0.00000000000000e+000
8.09828828828821e+004	2.31459761661987e+001,0.00000000000000e+000
8.10829729729722e+004	2.31639046557216e+001,0.00000000000000e+000
8.11830630630622e+004	2.31818753939194e+001,0.00000000000000e+000
8.12831531531523e+004	2.31998885337396e+001,0.00000000000000e+000
8.13832432432424e+004	2.32179442286547e+001,0.00000000000000e+000
8.14833333333325e+004	2.32360426326665e+001,0.00000000000000e+000
8.15834234234226e+004	2.32541839003095e+001,0.00000000000000e+000
8.16835135135127e+004	2.32723681866546e+001,0.00000000000000e+000
8.17836036036028e+004	2.32905956473133e+001,0.00000000000000e+000
8.18836936936929e+004	2.33088664384408e+001,0.00000000000000e+000
8.19837837837830e+004	2.33271807167402e+001,0.00000000000000e+000
8.20838738738730e+004	2.33455386394663e+001,0.00000000000000e+000
8.21839639639631e+004	2.33639403644292e+001,0.00000000000000e+000
8.22840540540532e+004	2.33823860499982e+001,0.00000000000000e+000
8.23841441441433e+004	2.34008758551056e+001,0.00000000000000e+000
8.24842342342334e+004	2.34194099392508e+001,0.00000000000000e+000
8.25843243243235e+004	2.34379884625038e+001,0.00000000000000e+000
8.26844144144136e+004	2.34566115855093e+001,0.00000000000000e+000
8.27845045045037e+004	2.34752794694906e+001,0.00000000000000e+000
8.28845945945938e+004	2.34939922762536e+001,0.00000000000000e+000
8.29846846846838e+004	2.35127501681904e+001,0.00000000000000e+000
8.30847747747739e+004	2.35315533082837e+001,0.00000000000000e+000
8.31848648648640e+004	2.35504018601103e+001,0.00000000000000e+000
8.32849549549541e+004	2.35692959878456e+001,0.00000000000000e+000
8.33850450450442e+004	2.35882358562673e+001,0.00000000000000e+000
8.34851351351343e+004	2.36072216307594e+001,0.00000000000000e+000
8.35852252252244e+004	2.36262534773163e+001,0.00000000000000e+000
8.36853153153145e+004	2.36453315625471e+001,0.00000000000000e+000
8.37854054054046e+004	2.36644560536794e+001,0.00000000000000e+000
8.38854954954946e+004	2.36836271185633e+001,0.00000000000000e+000
8.39855855855847e+004	2.37028449256759e+001,0.00000000000000e+000
8.40856756756748e+004	2.37221096441252e+001,0.00000000000000e+000
8.41857657657649e+004	2.37414214436544e+001,0.00000000000000e+000
8.42858558558550e+004	2.37607804946456e+001,0.00000000000000e+000
8.43859459459451e+004	2.37801869681248e+001,0.00000000000000e+000
8.44860360360352e+004	2.37996410357656e+001,0.00000000000000e+000
8.45861261261253e+004	2.38191428698935e+001,0.00000000000000e+000
8.46862162162154e+004	2.38386926434901e+001,0.00000000000000e+000
8.47863063063054e+004	2.38582905301976e+001,0.00000000000000e+000
8.48863963963955e+004	2.38779367043230e+001,0.00000000000000e+000
8.49864864864856e+004	2.38976313408424e+001,0.00000000000000e+000
8.50865765765757e+004	2.39173746154052e+001,0.00000000000000e+000
8.51866666666658e+004	2.39371667043388e+001,0.00000000000000e+000
8.52867567567559e+004	2.39570077846527e+001,0.00000000000000e+000
8.53868468468460e+004	2.39768980340431e+001,0.00000000000000e+000
8.54869369369361e+004	2.39968376308972e+001,0.00000000000000e+000
8.55870270270262e+004	2.40168267542976e+001,0.00000000000000e+000
8.56871171171162e+004	2.40368655840271e+001,0.00000000000000e+000
8.57872072072063e+004	2.40569543005726e+001,0.00000000000000e+000
8.58872972972964e+004	2.40770930851304e+001,0.00000000000000e+000
8.59873873873865e+004	2.40972821196101e+001,0.00000000000000e+000
8.60874774774766e+004	2.41175215866393e+001,0.00000000000000e+000
8.61875675675667e+004	2.41378116695687e+001,0.00000000000000e+000
8.62876576576568e+004	2.41581525524760e+001,0.00000000000000e+000
8.63877477477469e+004	2.41785444201707e+001,0.00000000000000e+000
8.64878378378370e+004	2.41989874581993e+001,0.00000000000000e+000
8.65879279279270e+004	2.42194818528493e+001,0.00000000000000e+000
8.66880180180171e+004	2.42400277911544e+001,0.00000000000000e+000
8.67881081081072e+004	2.42606254608989e+001,0.00000000000000e+000
8.68881981981973e+004	2.42812750506226e+001,0.00000000000000e+000
8.69882882882874e+004	2.43019767496258e+001,0.00000000000000e+000
8.70883783783775e+004	2.43227307479737e+001,0.00000000000000e+000
8.71884684684676e+004	2.43435372365014e+001,0.00000000000000e+000
8.72885585585577e+004	2.43643964068191e+001,0.00000000000000e+000
8.73886486486478e+004	2.43853084513163e+001,0.00000000000000e+000
8.74887387387378e+004	2.44062735631675e+001,0.00000000000000e+000
8.75888288288279e+004	2.44272919363365e+001,0.00000000000000e+000
8.76889189189180e+004	2.44483637655817e+001,0.00000000000000e+000
8.77890090090081e+004	2.44694892464610e+001,0.00000000000000e+000
8.78890990990982e+004	2.44906685753369e+001,0.00000000000000e+000
8.79891891891883e+004	2.45119019493816e+001,0.00000000000000e+000
8.80892792792784e+004	2.45331895665816e+001,0.00000000000000e+000
8.81893693693685e+004	2.45545316257435e+001,0.00000000000000e+000
8.82894594594586e+004	2.45759283264989e+001,0.00000000000000e+000
8.83895495495486e+004	2.45973798693092e+001,0.00000000000000e+000
8.84896396396387e+004	2.46188864554712e+001,0.00000000000000e+000
8.85897297297288e+004	2.46404482871223e+001,0.00000000000000e+000
8.86898198198189e+004	2.46620655672456e+001,0.00000000000000e+000
8.87899099099090e+004	2.46837384996750e+001,0.00000000000000e+000
8.88899999999991e+004	2.47054672891011e+001,0.00000000000000e+000
8.89900900900892e+004	2.47272521410759e+001,0.00000000000000e+000
8.90901801801793e+004	2.47490932620187e+001,0.00000000000000e+000
8.91902702702694e+004	2.47709908592210e+001,0.00000000000000e+000
8.92903603603594e+004	2.47929451408523e+001,0.00000000000000e+000
8.93904504504495e+004	2.48149563159654e+001,0.00000000000000e+000
8.94905405405396e+004	2.48370245945021e+001,0.00000000000000e+000
8.95906306306297e+004	2.48591501872984e+001,0.00000000000000e+000
8.96907207207198e+004	2.48813333060902e+001,0.00000000000000e+000
8.97908108108099e+004	2.49035741635191e+001,0.00000000000000e+000
8.98909009009000e+004	2.49258729731375e+001,0.00000000000000e+000
8.99909909909901e+004	2.49482299494149e+001,0.00000000000000e+000
9.00910810810801e+004	2.49706453077432e+001,0.00000000000000e+000
9.01911711711702e+004	2.49931192644423e+001,0.00000000000000e+000
9.02912612612603e+004	2.50156520367663e+001,0.00000000000000e+000
9.03913513513504e+004	2.50382438429088e+001,0.00000000000000e+000
9.04914414414405e+004	2.50608949020091e+001,0.00000000000000e+000
9.05915315315306e+004	2.50836054341580e+001,0.00000000000000e+000
9.06916216216207e+004	2.51063756604032e+001,0.00000000000000e+000
9.07917117117108e+004	2.51292058027561e+001,0.00000000000000e+000
9.08918018018009e+004	2.51520960841968e+001,0.00000000000000e+000
9.09918918918909e+004	2.51750467286811e+001,0.00000000000000e+000
9.10919819819810e+004	2.51980579611454e+001,0.00000000000000e+000
9.11920720720711e+004	2.52211300075139e+001,0.00000000000000e+000
9.12921621621612e+004	2.52442630947038e+001,0.00000000000000e+000
9.13922522522513e+004	2.52674574506320e+001,0.00000000000000e+000
9.14923423423414e+004	2.52907133042209e+001,0.00000000000000e+000
9.15924324324315e+004	2.53140308854051e+001,0.00000000000000e+000
9.16925225225216e+004	2.53374104251370e+001,0.00000000000000e+000
9.17926126126117e+004	2.53608521553935e+001,0.00000000000000e+000
9.18927027027017e+004	2.53843563091825e+001,0.00000000000000e+000
9.19927927927918e+004	2.54079231205487e+001,0.00000000000000e+000
9.20928828828819e+004	2.54315528245804e+001,0.00000000000000e+000
9.21929729729720e+004	2.54552456574160e+001,0.00000000000000e+000
9.22930630630621e+004	2.54790018562501e+001,0.00000000000000e+000
9.23931531531522e+004	2.55028216593405e+001,0.00000000000000e+000
9.24932432432423e+004	2.55267053060144e+001,0.00000000000000e+000
9.25933333333324e+004	2.55506530366749e+001,0.00000000000000e+000
9.26934234234225e+004	2.55746650928083e+001,0.00000000000000e+000
9.27935135135125e+004	2.55987417169899e+001,0.00000000000000e+000
9.28936036036026e+004	2.56228831528914e+001,0.00000000000000e+000
9.29936936936927e+004	2.56470896452874e+001,0.00000000000000e+000
9.30937837837828e+004	2.56713614400620e+001,0.00000000000000e+000
9.31938738738729e+004	2.56956987842162e+001,0.00000000000000e+000
9.32939639639630e+004	2.57201019258742e+001,0.00000000000000e+000
9.33940540540531e+004	2.57445711142907e+001,0.00000000000000e+000
9.34941441441432e+004	2.57691065998577e+001,0.00000000000000e+000
9.35942342342333e+004	2.57937086341116e+001,0.00000000000000e+000
9.36943243243233e+004	2.58183774697402e+001,0.00000000000000e+000
9.37944144144134e+004	2.58431133605900e+001,0.00000000000000e+000
9.38945045045035e+004	2.58679165616730e+001,0.00000000000000e+000
9.39945945945936e+004	2.58927873291742e+001,0.00000000000000e+000
9.40946846846837e+004	2.59177259204587e+001,0.00000000000000e+000
9.41947747747738e+004	2.59427325940791e+001,0.00000000000000e+000
9.42948648648639e+004	2.59678076097826e+001,0.00000000000000e+000
9.43949549549540e+004	2.59929512285185e+001,0.00000000000000e+000
9.44950450450441e+004	2.60181637124460e+001,0.00000000000000e+000
9.45951351351341e+004	2.60434453249409e+001,0.00000000000000e+000
9.46952252252242e+004	2.60687963306038e+001,0.00000000000000e+000
9.47953153153143e+004	2.60942169952672e+001,0.00000000000000e+000
9.48954054054044e+004	2.61197075860036e+001,0.00000000000000e+000
9.49954954954945e+004	2.61452683711327e+001,0.00000000000000e+000
9.50955855855846e+004	2.61708996202293e+001,0.00000000000000e+000
9.51956756756747e+004	2.61966016041311e+001,0.00000000000000e+000
9.52957657657648e+004	2.62223745949465e+001,0.00000000000000e+000
9.53958558558549e+004	2.62482188660623e+001,0.00000000000000e+000
9.54959459459449e+004	2.62741346921518e+001,0.00000000000000e+000
9.55960360360350e+004	2.63001223491829e+001,0.00000000000000e+000
9.56961261261251e+004	2.63261821144257e+001,0.00000000000000e+000
9.57962162162152e+004	2.63523142664607e+001,0.00000000000000e+000
9.58963063063053e+004	2.63785190851872e+001,0.00000000000000e+000
9.59963963963954e+004	2.64047968518313e+001,0.00000000000000e+000
9.60964864864855e+004	2.64311478489537e+001,0.00000000000000e+000
9.61965765765756e+004	2.64575723604589e+001,0.00000000000000e+000
9.62966666666657e+004	2.64840706716025e+001,0.00000000000000e+000
9.63967567567557e+004	2.65106430690004e+001,0.00000000000000e+000
9.64968468468458e+004	2.65372898406367e+001,0.00000000000000e+000
9.65969369369359e+004	2.65640112758726e+001,0.00000000000000e+000
9.66970270270260e+004	2.65908076654545e+001,0.00000000000000e+000
9.67971171171161e+004	2.66176793015231e+001,0.00000000000000e+000
9.68972072072062e+004	2.66446264776215e+001,0.00000000000000e+000
9.69972972972963e+004	2.66716494887045e+001,0.00000000000000e+000
9.70973873873864e+004	2.66987486311470e+001,0.00000000000000e+000
9.71974774774765e+004	2.67259242027528e+001,0.00000000000000e+000
9.72975675675665e+004	2.67531765027638e+001,0.00000000000000e+000
9.73976576576566e+004	2.67805058318686e+001,0.00000000000000e+000
9.74977477477467e+004	2.68079124922116e+001,0.00000000000000e+000
9.75978378378368e+004	2.68353967874024e+001,0.00000000000000e+000
9.76979279279269e+004	2.68629590225243e+001,0.00000000000000e+000
9.77980180180170e+004	2.68905995041440e+001,0.00000000000000e+000
9.78981081081071e+004	2.69183185403207e+001,0.00000000000000e+000
9.79981981981972e+004	2.69461164406153e+001,0.00000000000000e+000
9.80982882882873e+004	2.69739935160998e+001,0.00000000000000e+000
9.81983783783773e+004	2.70019500793667e+001,0.00000000000000e+000
9.82984684684674e+004	2.70299864445388e+001,0.00000000000000e+000
9.83985585585575e+004	2.70581029272783e+001,0.00000000000000e+000
9.84986486486476e+004	2.70862998447967e+001,0.00000000000000e+000
9.85987387387377e+004	2.71145775158644e+001,0.00000000000000e+000
9.86988288288278e+004	2.71429362608203e+001,0.00000000000000e+000
9.87989189189179e+004	2.71713764015820e+001,0.00000000000000e+000
9.88990090090080e+004	2.71998982616552e+001,0.00000000000000e+000
9.89990990990981e+004	2.72285021661440e+001,0.00000000000000e+000
9.90991891891881e+004	2.72571884417608e+001,0.00000000000000e+000
9.91992792792782e+004	2.72859574168363e+001,0.00000000000000e+000
9.92993693693683e+004	2.73148094213296e+001,0.00000000000000e+000
9.93994594594584e+004	2.73437447868387e+001,0.00000000000000e+000
9.94995495495485e+004	2.73727638466103e+001,0.00000000000000e+000
9.95996396396386e+004	2.74018669355508e+001,0.00000000000000e+000
9.96997297297287e+004	2.74310543902359e+001,0.00000000000000e+000
9.97998198198188e+004	2.74603265489219e+001,0.00000000000000e+000
9.98999099099088e+004	2.74896837515557e+001,0.00000000000000e+000
1.00000000000000e+005	2.75191263397860e+001,0.00000000000000e+000
