0.000000000000000e+000	0.000000e+000	0.000000e+000	0.000000e+000
1.000000000000000e-009	9.523809e+000	4.762380e-006	-9.523805e-003
7.805995651325772e-006	9.527331e+000	7.396154e-002	-9.453370e-003
1.561099130265154e-005	9.530823e+000	1.472756e-001	-9.383547e-003
2.341598695397731e-005	9.534283e+000	2.199469e-001	-9.314337e-003
3.122098260530309e-005	9.537713e+000	2.919755e-001	-9.245738e-003
3.902597825662886e-005	9.541113e+000	3.633614e-001	-9.177751e-003
4.683097390795463e-005	9.544481e+000	4.341045e-001	-9.110377e-003
5.463596955928039e-005	9.547819e+000	5.042049e-001	-9.043614e-003
1.034640945592804e-004	9.568265e+000	9.335657e-001	-8.634700e-003
1.522922195592804e-004	9.587886e+000	1.345601e+000	-8.242285e-003
2.011203445592804e-004	9.606615e+000	1.738912e+000	-7.867703e-003
2.499484695592804e-004	9.624493e+000	2.114347e+000	-7.510145e-003
2.987765945592804e-004	9.641559e+000	2.472721e+000	-7.168837e-003
3.476047195592804e-004	9.657848e+000	2.814808e+000	-6.843040e-003
4.452609695592804e-004	9.688240e+000	3.453048e+000	-6.235192e-003
5.429172195592804e-004	9.715933e+000	4.034595e+000	-5.681337e-003
6.405734695592805e-004	9.741166e+000	4.564486e+000	-5.176680e-003
7.870578445592807e-004	9.774876e+000	5.272389e+000	-4.502486e-003
9.335422195592808e-004	9.804195e+000	5.888097e+000	-3.916098e-003
1.080026594559281e-003	9.829696e+000	6.423617e+000	-3.406079e-003
1.226510969559281e-003	9.851876e+000	6.889393e+000	-2.962483e-003
1.372995344559281e-003	9.871167e+000	7.294508e+000	-2.576659e-003
1.519479719559281e-003	9.887945e+000	7.646862e+000	-2.241083e-003
1.665964094559281e-003	9.902539e+000	7.953327e+000	-1.949212e-003
1.812448469559282e-003	9.915233e+000	8.219879e+000	-1.695354e-003
1.958932844559282e-003	9.926272e+000	8.451715e+000	-1.474557e-003
2.105417219559281e-003	9.935875e+000	8.653358e+000	-1.282515e-003
2.251901594559280e-003	9.944225e+000	8.828741e+000	-1.115485e-003
2.398385969559280e-003	9.951489e+000	8.981281e+000	-9.702078e-004
2.544870344559279e-003	9.957808e+000	9.113956e+000	-8.438512e-004
2.691354719559279e-003	9.963303e+000	9.229351e+000	-7.339509e-004
2.837839094559278e-003	9.968081e+000	9.329719e+000	-6.383636e-004
2.984323469559278e-003	9.972239e+000	9.417013e+000	-5.552253e-004
3.130807844559277e-003	9.975854e+000	9.492939e+000	-4.829146e-004
3.277292219559277e-003	9.978999e+000	9.558977e+000	-4.200215e-004
3.423776594559276e-003	9.981734e+000	9.616415e+000	-3.653193e-004
3.570260969559276e-003	9.984113e+000	9.666371e+000	-3.177413e-004
3.716745344559275e-003	9.986182e+000	9.709822e+000	-2.763598e-004
3.863229719559275e-003	9.987982e+000	9.747614e+000	-2.403676e-004
4.009714094559275e-003	9.989547e+000	9.780483e+000	-2.090630e-004
4.156198469559274e-003	9.990909e+000	9.809072e+000	-1.818353e-004
4.302682844559274e-003	9.992092e+000	9.833939e+000	-1.581537e-004
4.449167219559273e-003	9.993122e+000	9.855566e+000	-1.375563e-004
4.595651594559273e-003	9.994019e+000	9.874376e+000	-1.196414e-004
4.742135969559272e-003	9.994797e+000	9.890738e+000	-1.040597e-004
4.888620344559272e-003	9.995475e+000	9.904967e+000	-9.050734e-005
5.035104719559271e-003	9.996064e+000	9.917344e+000	-7.871997e-005
5.181589094559271e-003	9.996576e+000	9.928108e+000	-6.846775e-005
5.328073469559270e-003	9.997023e+000	9.937471e+000	-5.955074e-005
5.474557844559269e-003	9.997410e+000	9.945615e+000	-5.179505e-005
5.621042219559269e-003	9.997747e+000	9.952698e+000	-4.504944e-005
5.767526594559268e-003	9.998041e+000	9.958858e+000	-3.918236e-005
5.914010969559268e-003	9.998296e+000	9.964216e+000	-3.407938e-005
6.060495344559267e-003	9.998518e+000	9.968877e+000	-2.964099e-005
6.206979719559267e-003	9.998711e+000	9.972931e+000	-2.578065e-005
6.353464094559266e-003	9.998878e+000	9.976456e+000	-2.242307e-005
6.499948469559266e-003	9.999024e+000	9.979522e+000	-1.950276e-005
6.646432844559265e-003	9.999152e+000	9.982189e+000	-1.696279e-005
6.792917219559265e-003	9.999262e+000	9.984509e+000	-1.475361e-005
6.939401594559264e-003	9.999359e+000	9.986526e+000	-1.283215e-005
7.085885969559264e-003	9.999442e+000	9.988281e+000	-1.116094e-005
7.232370344559263e-003	9.999515e+000	9.989807e+000	-9.707373e-006
7.378854719559263e-003	9.999578e+000	9.991135e+000	-8.443118e-006
7.525339094559262e-003	9.999633e+000	9.992289e+000	-7.343515e-006
7.671823469559262e-003	9.999681e+000	9.993294e+000	-6.387120e-006
7.818307844559261e-003	9.999722e+000	9.994167e+000	-5.555283e-006
7.964792219559263e-003	9.999759e+000	9.994926e+000	-4.831782e-006
8.111276594559265e-003	9.999790e+000	9.995587e+000	-4.202507e-006
8.257760969559267e-003	9.999817e+000	9.996162e+000	-3.655187e-006
8.404245344559269e-003	9.999841e+000	9.996662e+000	-3.179148e-006
8.550729719559272e-003	9.999862e+000	9.997097e+000	-2.765106e-006
8.697214094559274e-003	9.999880e+000	9.997475e+000	-2.404988e-006
8.843698469559276e-003	9.999895e+000	9.997804e+000	-2.091771e-006
8.990182844559278e-003	9.999909e+000	9.998090e+000	-1.819345e-006
9.136667219559280e-003	9.999921e+000	9.998339e+000	-1.582400e-006
9.283151594559282e-003	9.999931e+000	9.998554e+000	-1.376314e-006
9.429635969559284e-003	9.999940e+000	9.998743e+000	-1.197067e-006
9.576120344559286e-003	9.999948e+000	9.998907e+000	-1.041165e-006
9.722604719559288e-003	9.999955e+000	9.999049e+000	-9.055674e-007
9.869089094559290e-003	9.999961e+000	9.999173e+000	-7.876293e-007
1.000000100000000e-002	9.999966e+000	9.999270e+000	-6.949205e-007
1.000000200000000e-002	4.761555e-001	9.999266e+000	9.523110e-003
1.009569107714695e-002	4.354485e-001	9.144419e+000	8.708971e-003
1.019138015429389e-002	3.976224e-001	8.350070e+000	7.952448e-003
1.028706923144084e-002	3.626770e-001	7.616217e+000	7.253540e-003
1.038275830858778e-002	3.306124e-001	6.942860e+000	6.612248e-003
1.047844738573473e-002	3.014286e-001	6.330001e+000	6.028572e-003
1.057413646288167e-002	2.751256e-001	5.777638e+000	5.502512e-003
1.066982554002862e-002	2.517034e-001	5.285771e+000	5.034068e-003
1.081630991502862e-002	2.189224e-001	4.597370e+000	4.378448e-003
1.096279429002862e-002	1.904107e-001	3.998624e+000	3.808214e-003
1.110927866502862e-002	1.656123e-001	3.477857e+000	3.312245e-003
1.125576304002862e-002	1.440435e-001	3.024913e+000	2.880869e-003
1.140224741502863e-002	1.252837e-001	2.630958e+000	2.505674e-003
1.154873179002863e-002	1.089672e-001	2.288311e+000	2.179344e-003
1.169521616502863e-002	9.477568e-002	1.990289e+000	1.895514e-003
1.184170054002863e-002	8.243242e-002	1.731081e+000	1.648648e-003
1.198818491502863e-002	7.169670e-002	1.505631e+000	1.433934e-003
1.213466929002864e-002	6.235916e-002	1.309542e+000	1.247183e-003
1.228115366502864e-002	5.423772e-002	1.138992e+000	1.084754e-003
1.242763804002864e-002	4.717398e-002	9.906536e-001	9.434796e-004
1.257412241502864e-002	4.103020e-002	8.616342e-001	8.206040e-004
1.272060679002864e-002	3.568657e-002	7.494179e-001	7.137313e-004
1.286709116502865e-002	3.103887e-002	6.518162e-001	6.207774e-004
1.301357554002865e-002	2.699647e-002	5.669259e-001	5.399294e-004
1.316005991502865e-002	2.348054e-002	4.930914e-001	4.696109e-004
1.330654429002865e-002	2.042252e-002	4.288728e-001	4.084503e-004
1.345302866502865e-002	1.776276e-002	3.730179e-001	3.552551e-004
1.359951304002866e-002	1.544940e-002	3.244373e-001	3.089879e-004
1.374599741502866e-002	1.343732e-002	2.821837e-001	2.687464e-004
1.389248179002866e-002	1.168729e-002	2.454330e-001	2.337458e-004
1.403896616502866e-002	1.016517e-002	2.134687e-001	2.033035e-004
1.418545054002867e-002	8.841297e-003	1.856672e-001	1.768259e-004
1.433193491502867e-002	7.689836e-003	1.614866e-001	1.537967e-004
1.447841929002867e-002	6.688338e-003	1.404551e-001	1.337668e-004
1.462490366502867e-002	5.817271e-003	1.221627e-001	1.163454e-004
1.477138804002867e-002	5.059650e-003	1.062526e-001	1.011930e-004
1.491787241502868e-002	4.400698e-003	9.241466e-002	8.801396e-005
1.506435679002868e-002	3.827566e-003	8.037889e-002	7.655132e-005
1.521084116502868e-002	3.329077e-003	6.991062e-002	6.658153e-005
1.535732554002868e-002	2.895509e-003	6.080569e-002	5.791018e-005
1.550380991502868e-002	2.518408e-003	5.288656e-002	5.036815e-005
1.565029429002868e-002	2.190419e-003	4.599880e-002	4.380838e-005
1.579677866502869e-002	1.905146e-003	4.000807e-002	3.810292e-005
1.594326304002869e-002	1.657026e-003	3.479755e-002	3.314053e-005
1.608974741502869e-002	1.441221e-003	3.026564e-002	2.882442e-005
1.623623179002869e-002	1.253521e-003	2.632394e-002	2.507042e-005
1.638271616502869e-002	1.090267e-003	2.289560e-002	2.180534e-005
1.652920054002870e-002	9.482740e-004	1.991376e-002	1.896548e-005
1.667568491502870e-002	8.247741e-004	1.732025e-002	1.649548e-005
1.682216929002870e-002	7.173583e-004	1.506452e-002	1.434717e-005
1.696865366502870e-002	6.239320e-004	1.310257e-002	1.247864e-005
1.711513804002871e-002	5.426732e-004	1.139614e-002	1.085346e-005
1.726162241502871e-002	4.719973e-004	9.911942e-003	9.439946e-006
1.740810679002871e-002	4.105259e-004	8.621044e-003	8.210519e-006
1.755459116502871e-002	3.570604e-004	7.498269e-003	7.141209e-006
1.770107554002871e-002	3.105581e-004	6.521720e-003	6.211162e-006
1.784755991502872e-002	2.701121e-004	5.672353e-003	5.402241e-006
1.799404429002872e-002	2.349336e-004	4.933605e-003	4.698672e-006
1.814052866502872e-002	2.043366e-004	4.291069e-003	4.086733e-006
1.828701304002872e-002	1.777245e-004	3.732215e-003	3.554490e-006
1.843349741502872e-002	1.545783e-004	3.246144e-003	3.091565e-006
1.857998179002873e-002	1.344465e-004	2.823377e-003	2.688930e-006
1.872646616502873e-002	1.169367e-004	2.455670e-003	2.338733e-006
1.887295054002873e-002	1.017072e-004	2.135852e-003	2.034144e-006
1.901943491502873e-002	8.846122e-005	1.857686e-003	1.769224e-006
1.916591929002873e-002	7.694033e-005	1.615747e-003	1.538807e-006
1.931240366502874e-002	6.691988e-005	1.405317e-003	1.338398e-006
1.945888804002874e-002	5.820446e-005	1.222294e-003	1.164089e-006
1.960537241502874e-002	5.062411e-005	1.063106e-003	1.012482e-006
1.975185679002874e-002	4.403100e-005	9.246509e-004	8.806200e-007
1.989834116502874e-002	3.829655e-005	8.042275e-004	7.659310e-007
2.000000000000000e-002	3.474349e-005	7.296134e-004	6.948699e-007
2.000000100000000e-002	9.523845e+000	7.344222e-004	-9.523110e-003
2.001198471995212e-002	9.529230e+000	1.138233e-001	-9.415406e-003
2.002396843990423e-002	9.534551e+000	2.255758e-001	-9.308975e-003
2.003595215985635e-002	9.539809e+000	3.359920e-001	-9.203817e-003
2.004793587980846e-002	9.545003e+000	4.450719e-001	-9.099931e-003
2.005991959976058e-002	9.550134e+000	5.528155e-001	-8.997318e-003
2.007190331971269e-002	9.555201e+000	6.592227e-001	-8.895978e-003
2.008388703966481e-002	9.560205e+000	7.642937e-001	-8.795911e-003
2.013271516466481e-002	9.580159e+000	1.183336e+000	-8.396823e-003
2.018154328966481e-002	9.599239e+000	1.584021e+000	-8.015218e-003
2.023037141466481e-002	9.617452e+000	1.966496e+000	-7.650957e-003
2.027919953966481e-002	9.634837e+000	2.331589e+000	-7.303249e-003
2.032802766466481e-002	9.651432e+000	2.680089e+000	-6.971343e-003
2.037685578966481e-002	9.667274e+000	3.012752e+000	-6.654522e-003
2.047451203966481e-002	9.696829e+000	3.633410e+000	-6.063419e-003
2.057216828966482e-002	9.723759e+000	4.198936e+000	-5.524823e-003
2.066982453966482e-002	9.748297e+000	4.714229e+000	-5.034068e-003
2.081630891466482e-002	9.781077e+000	5.402630e+000	-4.378448e-003
2.096279328966482e-002	9.809589e+000	6.001375e+000	-3.808214e-003
2.110927766466482e-002	9.834388e+000	6.522143e+000	-3.312245e-003
2.125576203966482e-002	9.855957e+000	6.975087e+000	-2.880869e-003
2.140224641466483e-002	9.874717e+000	7.369041e+000	-2.505675e-003
2.154873078966483e-002	9.891032e+000	7.711689e+000	-2.179344e-003
2.169521516466483e-002	9.905224e+000	8.009710e+000	-1.895514e-003
2.184169953966483e-002	9.917567e+000	8.268919e+000	-1.648648e-003
2.198818391466484e-002	9.928303e+000	8.494370e+000	-1.433934e-003
2.213466828966484e-002	9.937641e+000	8.690458e+000	-1.247183e-003
2.228115266466484e-002	9.945763e+000	8.861008e+000	-1.084754e-003
2.242763703966484e-002	9.952826e+000	9.009346e+000	-9.434796e-004
2.257412141466484e-002	9.958970e+000	9.138366e+000	-8.206040e-004
2.272060578966485e-002	9.964314e+000	9.250582e+000	-7.137313e-004
2.286709016466485e-002	9.968961e+000	9.348184e+000	-6.207774e-004
2.301357453966485e-002	9.973003e+000	9.433074e+000	-5.399294e-004
2.316005891466485e-002	9.976520e+000	9.506908e+000	-4.696109e-004
2.330654328966485e-002	9.979578e+000	9.571127e+000	-4.084503e-004
2.345302766466486e-002	9.982237e+000	9.626982e+000	-3.552551e-004
2.359951203966486e-002	9.984550e+000	9.675563e+000	-3.089879e-004
2.374599641466486e-002	9.986563e+000	9.717816e+000	-2.687464e-004
2.389248078966486e-002	9.988313e+000	9.754567e+000	-2.337458e-004
2.403896516466486e-002	9.989835e+000	9.786531e+000	-2.033035e-004
2.418544953966487e-002	9.991158e+000	9.814333e+000	-1.768259e-004
2.433193391466487e-002	9.992310e+000	9.838513e+000	-1.537967e-004
2.447841828966487e-002	9.993312e+000	9.859545e+000	-1.337668e-004
2.462490266466487e-002	9.994183e+000	9.877837e+000	-1.163454e-004
2.477138703966487e-002	9.994940e+000	9.893747e+000	-1.011930e-004
2.491787141466488e-002	9.995600e+000	9.907585e+000	-8.801396e-005
2.506435578966488e-002	9.996173e+000	9.919621e+000	-7.655132e-005
2.521084016466488e-002	9.996671e+000	9.930090e+000	-6.658153e-005
2.535732453966488e-002	9.997105e+000	9.939194e+000	-5.791018e-005
2.550380891466489e-002	9.997482e+000	9.947113e+000	-5.036815e-005
2.565029328966489e-002	9.997809e+000	9.954001e+000	-4.380838e-005
2.579677766466489e-002	9.998095e+000	9.959991e+000	-3.810292e-005
2.594326203966489e-002	9.998343e+000	9.965202e+000	-3.314053e-005
2.608974641466489e-002	9.998559e+000	9.969734e+000	-2.882442e-005
2.623623078966490e-002	9.998747e+000	9.973676e+000	-2.507042e-005
2.638271516466490e-002	9.998909e+000	9.977104e+000	-2.180534e-005
2.652919953966490e-002	9.999052e+000	9.980086e+000	-1.896548e-005
2.667568391466490e-002	9.999175e+000	9.982679e+000	-1.649548e-005
2.682216828966490e-002	9.999283e+000	9.984936e+000	-1.434717e-005
2.696865266466491e-002	9.999376e+000	9.986897e+000	-1.247864e-005
2.711513703966491e-002	9.999457e+000	9.988604e+000	-1.085346e-005
2.726162141466491e-002	9.999528e+000	9.990088e+000	-9.439946e-006
2.740810578966491e-002	9.999590e+000	9.991379e+000	-8.210519e-006
2.755459016466491e-002	9.999643e+000	9.992502e+000	-7.141209e-006
2.770107453966492e-002	9.999689e+000	9.993479e+000	-6.211162e-006
2.784755891466492e-002	9.999730e+000	9.994328e+000	-5.402241e-006
2.799404328966492e-002	9.999765e+000	9.995067e+000	-4.698672e-006
2.814052766466492e-002	9.999796e+000	9.995708e+000	-4.086733e-006
2.828701203966492e-002	9.999823e+000	9.996267e+000	-3.554490e-006
2.843349641466493e-002	9.999846e+000	9.996754e+000	-3.091565e-006
2.857998078966493e-002	9.999866e+000	9.997177e+000	-2.688930e-006
2.872646516466493e-002	9.999883e+000	9.997544e+000	-2.338733e-006
2.887294953966493e-002	9.999898e+000	9.997864e+000	-2.034144e-006
2.901943391466494e-002	9.999911e+000	9.998142e+000	-1.769224e-006
2.916591828966494e-002	9.999923e+000	9.998384e+000	-1.538807e-006
2.931240266466494e-002	9.999933e+000	9.998594e+000	-1.338398e-006
2.945888703966494e-002	9.999942e+000	9.998777e+000	-1.164089e-006
2.960537141466494e-002	9.999949e+000	9.998937e+000	-1.012482e-006
2.975185578966495e-002	9.999956e+000	9.999075e+000	-8.806200e-007
2.989834016466495e-002	9.999962e+000	9.999195e+000	-7.659310e-007
3.000000100000000e-002	9.999966e+000	9.999270e+000	-6.948686e-007
3.000000200000000e-002	4.761555e-001	9.999266e+000	9.523110e-003
3.009569107719892e-002	4.354485e-001	9.144420e+000	8.708971e-003
3.019138015439783e-002	3.976224e-001	8.350070e+000	7.952448e-003
3.028706923159675e-002	3.626770e-001	7.616217e+000	7.253540e-003
3.038275830879567e-002	3.306124e-001	6.942861e+000	6.612248e-003
3.047844738599458e-002	3.014286e-001	6.330001e+000	6.028572e-003
3.057413646319350e-002	2.751256e-001	5.777638e+000	5.502512e-003
3.066982554039241e-002	2.517034e-001	5.285771e+000	5.034068e-003
3.081630991539242e-002	2.189224e-001	4.597370e+000	4.378448e-003
3.096279429039242e-002	1.904107e-001	3.998624e+000	3.808214e-003
3.110927866539242e-002	1.656123e-001	3.477857e+000	3.312245e-003
3.125576304039242e-002	1.440435e-001	3.024913e+000	2.880869e-003
3.140224741539241e-002	1.252837e-001	2.630958e+000	2.505675e-003
3.154873179039240e-002	1.089672e-001	2.288311e+000	2.179344e-003
3.169521616539239e-002	9.477568e-002	1.990289e+000	1.895514e-003
3.184170054039238e-002	8.243242e-002	1.731081e+000	1.648648e-003
3.198818491539238e-002	7.169670e-002	1.505631e+000	1.433934e-003
3.213466929039237e-002	6.235916e-002	1.309542e+000	1.247183e-003
3.228115366539236e-002	5.423772e-002	1.138992e+000	1.084754e-003
3.242763804039235e-002	4.717398e-002	9.906536e-001	9.434796e-004
3.257412241539234e-002	4.103020e-002	8.616343e-001	8.206040e-004
3.272060679039233e-002	3.568657e-002	7.494179e-001	7.137313e-004
3.286709116539233e-002	3.103887e-002	6.518162e-001	6.207774e-004
3.301357554039232e-002	2.699647e-002	5.669259e-001	5.399294e-004
3.316005991539231e-002	2.348054e-002	4.930914e-001	4.696109e-004
3.330654429039230e-002	2.042252e-002	4.288728e-001	4.084503e-004
3.345302866539229e-002	1.776276e-002	3.730179e-001	3.552551e-004
3.359951304039228e-002	1.544940e-002	3.244373e-001	3.089879e-004
3.374599741539228e-002	1.343732e-002	2.821837e-001	2.687464e-004
3.389248179039227e-002	1.168729e-002	2.454330e-001	2.337458e-004
3.403896616539226e-002	1.016517e-002	2.134687e-001	2.033035e-004
3.418545054039225e-002	8.841297e-003	1.856672e-001	1.768259e-004
3.433193491539224e-002	7.689836e-003	1.614866e-001	1.537967e-004
3.447841929039223e-002	6.688338e-003	1.404551e-001	1.337668e-004
3.462490366539223e-002	5.817271e-003	1.221627e-001	1.163454e-004
3.477138804039222e-002	5.059650e-003	1.062526e-001	1.011930e-004
3.491787241539221e-002	4.400698e-003	9.241466e-002	8.801396e-005
3.506435679039220e-002	3.827566e-003	8.037889e-002	7.655132e-005
3.521084116539219e-002	3.329077e-003	6.991062e-002	6.658153e-005
3.535732554039218e-002	2.895509e-003	6.080569e-002	5.791018e-005
3.550380991539218e-002	2.518408e-003	5.288656e-002	5.036815e-005
3.565029429039217e-002	2.190419e-003	4.599880e-002	4.380838e-005
3.579677866539216e-002	1.905146e-003	4.000807e-002	3.810292e-005
3.594326304039215e-002	1.657026e-003	3.479755e-002	3.314053e-005
3.608974741539214e-002	1.441221e-003	3.026564e-002	2.882442e-005
3.623623179039213e-002	1.253521e-003	2.632394e-002	2.507042e-005
3.638271616539213e-002	1.090267e-003	2.289560e-002	2.180534e-005
3.652920054039212e-002	9.482740e-004	1.991376e-002	1.896548e-005
3.667568491539211e-002	8.247741e-004	1.732026e-002	1.649548e-005
3.682216929039210e-002	7.173583e-004	1.506452e-002	1.434717e-005
3.696865366539209e-002	6.239320e-004	1.310257e-002	1.247864e-005
3.711513804039208e-002	5.426732e-004	1.139614e-002	1.085346e-005
3.726162241539208e-002	4.719973e-004	9.911943e-003	9.439946e-006
3.740810679039207e-002	4.105259e-004	8.621044e-003	8.210519e-006
3.755459116539206e-002	3.570604e-004	7.498269e-003	7.141209e-006
3.770107554039205e-002	3.105581e-004	6.521720e-003	6.211162e-006
3.784755991539204e-002	2.701121e-004	5.672353e-003	5.402241e-006
3.799404429039203e-002	2.349336e-004	4.933605e-003	4.698672e-006
3.814052866539203e-002	2.043366e-004	4.291069e-003	4.086733e-006
3.828701304039202e-002	1.777245e-004	3.732215e-003	3.554490e-006
3.843349741539201e-002	1.545783e-004	3.246144e-003	3.091565e-006
3.857998179039200e-002	1.344465e-004	2.823377e-003	2.688930e-006
3.872646616539199e-002	1.169367e-004	2.455670e-003	2.338733e-006
3.887295054039198e-002	1.017072e-004	2.135852e-003	2.034144e-006
3.901943491539198e-002	8.846122e-005	1.857686e-003	1.769224e-006
3.916591929039197e-002	7.694033e-005	1.615747e-003	1.538807e-006
3.931240366539196e-002	6.691988e-005	1.405318e-003	1.338398e-006
3.945888804039195e-002	5.820446e-005	1.222294e-003	1.164089e-006
3.960537241539194e-002	5.062411e-005	1.063106e-003	1.012482e-006
3.975185679039194e-002	4.403100e-005	9.246509e-004	8.806200e-007
3.989834116539193e-002	3.829655e-005	8.042275e-004	7.659310e-007
4.000000000000000e-002	3.474349e-005	7.296134e-004	6.948699e-007
4.000000100000000e-002	9.523845e+000	7.343878e-004	-9.523110e-003
4.000651549175632e-002	9.526787e+000	6.252563e-002	-9.464261e-003
4.001302998351264e-002	9.529707e+000	1.238507e-001	-9.405856e-003
4.001954447526895e-002	9.532605e+000	1.847095e-001	-9.347895e-003
4.002605896702527e-002	9.535480e+000	2.451021e-001	-9.290378e-003
4.003257345878158e-002	9.538334e+000	3.050285e-001	-9.233305e-003
4.003908795053791e-002	9.541166e+000	3.644887e-001	-9.176677e-003
4.004560244229422e-002	9.543976e+000	4.234826e-001	-9.120492e-003
4.009120389546068e-002	9.563241e+000	8.280656e-001	-8.735175e-003
4.014003202046067e-002	9.583075e+000	1.244576e+000	-8.338499e-003
4.018886014546067e-002	9.602022e+000	1.642478e+000	-7.959545e-003
4.023768827046067e-002	9.620110e+000	2.022296e+000	-7.597813e-003
4.028651639546067e-002	9.637374e+000	2.384853e+000	-7.252521e-003
4.033534452046066e-002	9.653854e+000	2.730933e+000	-6.922921e-003
4.043300077046066e-002	9.684601e+000	3.376624e+000	-6.307977e-003
4.053065702046065e-002	9.712617e+000	3.964960e+000	-5.747657e-003
4.062831327046065e-002	9.738145e+000	4.501036e+000	-5.237109e-003
4.077479764546064e-002	9.772248e+000	5.217202e+000	-4.555046e-003
4.092128202046063e-002	9.801909e+000	5.840097e+000	-3.961812e-003
4.106776639546062e-002	9.827707e+000	6.381869e+000	-3.445839e-003
4.121425077046061e-002	9.850146e+000	6.853082e+000	-2.997064e-003
4.136073514546061e-002	9.869663e+000	7.262926e+000	-2.606737e-003
4.150721952046060e-002	9.886638e+000	7.619393e+000	-2.267244e-003
4.165370389546059e-002	9.901402e+000	7.929436e+000	-1.971966e-003
4.180018827046058e-002	9.914243e+000	8.199099e+000	-1.715144e-003
4.194667264546057e-002	9.925411e+000	8.433642e+000	-1.491769e-003
4.209315702046056e-002	9.935125e+000	8.637640e+000	-1.297486e-003
4.223964139546056e-002	9.943575e+000	8.815068e+000	-1.128506e-003
4.238612577046055e-002	9.950923e+000	8.969390e+000	-9.815333e-004
4.253261014546054e-002	9.957315e+000	9.103613e+000	-8.537017e-004
4.267909452046053e-002	9.962874e+000	9.220356e+000	-7.425185e-004
4.282557889546052e-002	9.967710e+000	9.321894e+000	-6.458154e-004
4.297206327046051e-002	9.971914e+000	9.410208e+000	-5.617066e-004
4.311854764546051e-002	9.975573e+000	9.487020e+000	-4.885519e-004
4.326503202046050e-002	9.978754e+000	9.553829e+000	-4.249245e-004
4.341151639546049e-002	9.981522e+000	9.611937e+000	-3.695838e-004
4.355800077046048e-002	9.983928e+000	9.662477e+000	-3.214504e-004
4.370448514546047e-002	9.986021e+000	9.706434e+000	-2.795858e-004
4.385096952046046e-002	9.987842e+000	9.744668e+000	-2.431735e-004
4.399745389546046e-002	9.989425e+000	9.777922e+000	-2.115034e-004
4.414393827046045e-002	9.990803e+000	9.806845e+000	-1.839579e-004
4.429042264546044e-002	9.992001e+000	9.832001e+000	-1.599999e-004
4.443690702046043e-002	9.993042e+000	9.853880e+000	-1.391620e-004
4.458339139546042e-002	9.993948e+000	9.872910e+000	-1.210380e-004
4.472987577046041e-002	9.994737e+000	9.889462e+000	-1.052744e-004
4.487636014546041e-002	9.995422e+000	9.903858e+000	-9.156385e-005
4.502284452046040e-002	9.996018e+000	9.916379e+000	-7.963889e-005
4.516932889546039e-002	9.996536e+000	9.927270e+000	-6.926699e-005
4.531581327046038e-002	9.996988e+000	9.936742e+000	-6.024589e-005
4.546229764546037e-002	9.997380e+000	9.944981e+000	-5.239967e-005
4.560878202046036e-002	9.997721e+000	9.952146e+000	-4.557532e-005
4.575526639546036e-002	9.998018e+000	9.958378e+000	-3.963974e-005
4.590175077046035e-002	9.998276e+000	9.963799e+000	-3.447719e-005
4.604823514546034e-002	9.998501e+000	9.968513e+000	-2.998700e-005
4.619471952046033e-002	9.998695e+000	9.972614e+000	-2.608160e-005
4.634120389546032e-002	9.998865e+000	9.976181e+000	-2.268482e-005
4.648768827046031e-002	9.999014e+000	9.979282e+000	-1.973042e-005
4.663417264546031e-002	9.999142e+000	9.981981e+000	-1.716080e-005
4.678065702046030e-002	9.999254e+000	9.984327e+000	-1.492583e-005
4.692714139546029e-002	9.999352e+000	9.986369e+000	-1.298195e-005
4.707362577046028e-002	9.999435e+000	9.988144e+000	-1.129122e-005
4.722011014546027e-002	9.999509e+000	9.989688e+000	-9.820690e-006
4.736659452046026e-002	9.999573e+000	9.991032e+000	-8.541676e-006
4.751307889546026e-002	9.999628e+000	9.992199e+000	-7.429237e-006
4.765956327046025e-002	9.999677e+000	9.993216e+000	-6.461679e-006
4.780604764546024e-002	9.999720e+000	9.994099e+000	-5.620132e-006
4.795253202046023e-002	9.999756e+000	9.994867e+000	-4.888185e-006
4.809901639546022e-002	9.999787e+000	9.995536e+000	-4.251564e-006
4.824550077046021e-002	9.999815e+000	9.996118e+000	-3.697855e-006
4.839198514546021e-002	9.999839e+000	9.996623e+000	-3.216259e-006
4.853846952046020e-002	9.999860e+000	9.997063e+000	-2.797384e-006
4.868495389546019e-002	9.999878e+000	9.997445e+000	-2.433062e-006
4.883143827046018e-002	9.999894e+000	9.997778e+000	-2.116188e-006
4.897792264546017e-002	9.999908e+000	9.998068e+000	-1.840583e-006
4.912440702046016e-002	9.999920e+000	9.998319e+000	-1.600872e-006
4.927089139546016e-002	9.999930e+000	9.998538e+000	-1.392380e-006
4.941737577046015e-002	9.999940e+000	9.998728e+000	-1.211041e-006
4.956386014546014e-002	9.999948e+000	9.998894e+000	-1.053319e-006
4.971034452046013e-002	9.999954e+000	9.999039e+000	-9.161383e-007
4.985682889546012e-002	9.999960e+000	9.999163e+000	-7.968235e-007
4.999999900000000e-002	9.999966e+000	9.999270e+000	-6.948688e-007
5.000000000000000e-002	9.999966e+000	9.999270e+000	-6.948682e-007
